1.77
2.09
4.69
1.92
3.53
2.04
1.8
1.69
1.36
1.27
1.2
1.98
1.53
1.07
0.93
0.85
0.8
0.76
0.71
0.68
0.64
0.62
0.59
0.57
0.54
0.51
0.5
1.24
3.31
2.06
0.9
2.73
1.37
0.87
0.79
0.73
1.36
3.95
4.07
1.72
4.39
1.53
2.69
1.67
1.87
1.77
1.6
1.68
1.52
1.7
1.22
1.28
1.11
1.62
2.46
1.41
1.24
8.2
4.6
5.52
1.64
1.81
2.51
1.36
1.25
1.76
1.34
1.19
1.19
1.04
0.89
0.81
0.76
0.74
0.68
0.64
0.61
0.58
0.55
0.54
0.51
0.5
0.5
0.51
0.72
1.2
0.69
0.53
0.49
0.46
0.43
0.43
1.17
2.93
1.1
1.1
1.21
1.02
0.73
0.63
0.57
1.49
1.79
1.01
0.7
0.89
1.7
2.83
4.97
6.39
2.62
4.7
2.3
1.52
4.64
2.41
1.82
1.52
1.28
1.15
1.03
0.94
0.86
0.82
0.78
0.72
0.68
0.63
0.6
0.58
0.57
0.59
0.59
0.52
0.48
0.46
0.55
1.19
0.91
0.55
0.5
0.68
0.52
1.81
0.9
0.72
2.01
2.18
1.26
0.76
0.73
0.72
1.54
0.87
0.73
0.64
0.57
0.55
0.52
0.51
0.54
0.51
0.48
0.47
0.48
0.51
0.49
0.43
0.4
0.38
0.37
0.52
0.94
1.02
0.65
0.45
0.39
0.36
0.34
0.33
0.33
0.33
0.34
0.32
0.32
1.09
0.59
0.56
0.5
0.46
3.11
1.64
0.65
0.52
0.76
0.5
0.41
0.39
0.37
0.35
0.34
0.33
0.32
0.31
0.31
0.3
0.3
0.29
0.31
0.29
0.28
0.27
0.27
0.27
0.49
0.73
0.36
0.3
0.28
0.26
0.28
0.27
0.26
0.25
0.25
2.78
1.07
0.5
0.41
0.38
0.59
0.7
0.36
0.37
0.33
0.29
0.27
0.27
0.28
0.27
0.26
0.26
0.24
0.28
1.03
0.6
0.34
0.29
0.28
0.28
0.28
0.7
0.53
0.34
0.28
0.26
0.26
2.13
2.95
0.65
0.7
2.21
0.63
0.46
1.5
1.3
0.67
0.95
3.84
2.65
10.4
1.8
1.67
1.12
1.9
1.97
1.89
1.29
1.18
0.94
1.15
1.26
8.64
3.02
4.28
2.5
1.92
1.64
1.49
1.24
2.52
1.85
1.34
2.18
1.42
1.66
1.82
1.94
1.87
1.28
2.76
9.3
20.6
5.82
3.56
2.3
2.89
2.08
2
8.99
1.91
1.88
1.52
1.4
4.8
6.99
1.8
1.42
1.43
4.4
3.07
2.05
2.64
5.17
5.06
2.68
2.22
1.85
2.23
3.57
1.86
3.59
2.38
1.7
5.41
3.51
1.75
5.73
4.55
8.8
3.2
14.2
2.98
4.63
3.3
8.27
14.4
3.4
2.72
2.13
2.47
1.8
1.54
2.23
1.35
1.16
1.06
0.98
1.13
1.32
0.94
0.82
0.76
0.71
0.66
14.6
3.54
3.16
1.84
2.04
1.41
1.28
1.22
1.08
0.94
0.91
2.79
1.45
0.95
0.84
0.78
0.74
0.73
0.73
0.66
0.85
1.8
6.75
6.08
1.92
1.34
1.97
1.43
1.21
1.06
1.85
1.15
1.2
1.52
2.33
4.16
5.57
2.5
1.82
1.7
1.25
2.37
2.32
4.36
1.41
1.22
1.12
1.02
0.94
0.88
0.81
0.76
0.71
0.68
0.63
0.59
0.58
0.97
0.75
0.65
0.57
0.5
0.48
0.48
0.48
5.62
1.4
0.9
1.93
2.05
1.14
2.61
1.97
1.3
1.27
3.08
1.65
1.12
1.16
4.09
3.21
1.99
2.87
1.8
1.31
1.6
3.6
1.95
1.74
1.21
1.25
1.12
2.38
3.85
1.85
2.89
1.76
1.5
3.36
2.53
1.31
1.12
1.05
1
0.93
1.33
0.89
0.82
0.78
0.66
0.61
0.61
1.9
0.91
2.15
1.76
1.2
0.78
1.26
1.2
0.71
0.72
0.67
0.6
0.56
0.54
0.52
0.51
0.49
0.48
0.5
0.48
0.44
0.44
0.42
0.42
1.12
1.1
0.57
0.46
0.42
0.39
0.37
0.36
0.35
0.34
0.34
0.34
0.34
0.32
0.31
0.3
0.3
0.29
0.29
0.28
0.28
0.29
0.29
0.26
0.26
0.25
0.25
0.25
0.24
0.32
0.68
0.66
0.35
0.29
0.26
0.24
0.23
0.23
0.22
0.21
0.2
0.2
0.2
0.21
0.26
0.22
0.2
0.19
0.19
0.2
0.25
0.24
0.24
0.24
0.6
0.76
0.52
0.3
0.41
0.38
0.27
0.22
1.47
0.55
0.3
0.35
0.55
0.36
0.26
0.23
0.21
0.2
0.19
0.18
0.17
0.18
0.17
0.18
0.79
0.41
0.39
0.33
0.45
1.08
0.77
1.03
0.39
0.29
0.31
0.3
0.27
0.24
0.25
0.24
0.34
1.2
0.45
0.29
0.27
0.25
0.23
0.23
0.22
0.21
0.2
0.2
0.2
0.2
0.2
0.21
0.21
0.2
0.2
0.21
0.2
0.22
0.2
0.19
0.18
0.24
0.51
0.35
0.25
0.21
0.19
0.18
0.18
0.18
0.17
0.17
0.17
0.17
0.17
0.28
0.41
0.27
0.25
4.78
1.5
1.56
0.52
0.42
2.16
0.93
5.38
2.42
0.92
0.96
1.19
0.73
0.6
0.88
2.76
1.14
1.59
1.22
3.93
1.3
0.91
1.56
3.07
2.37
3.1
8.37
1.57
1.37
1.22
1.18
1.3
1.01
0.88
0.81
0.77
0.74
2.46
2.19
1.65
0.91
0.78
0.73
1.2
0.84
0.69
0.63
0.6
0.58
0.56
0.53
0.51
0.51
0.73
0.58
0.54
1.92
0.83
1.13
1.58
9.75
6.37
2.71
1.43
2.5
2.89
3.4
1.41
1.38
1.19
1.08
0.97
0.89
0.82
0.77
0.7
0.66
0.63
0.6
0.58
0.56
0.56
0.59
0.6
0.51
1
1.43
0.7
1.32
0.8
0.65
0.52
0.46
0.44
0.62
0.78
0.56
0.54
0.48
0.45
0.43
0.42
0.41
0.4
0.53
1.36
1.44
0.99
0.8
2.65
1.72
1.13
5.62
3.07
2.62
8.45
2.47
8.38
12.6
6.95
2.84
2.71
3.06
4.12
12.2
11.6
4.3
10.8
3.18
2.43
2.86
2.69
2.27
2.54
8.3
2.46
1.83
1.55
1.38
1.26
1.17
1.09
7.05
3.03
1.53
2.59
2.03
1.93
13.3
3.35
2.51
2.53
1.69
1.42
1.29
1.18
1.08
1.01
0.91
0.84
0.8
1.46
1.73
1.73
1.67
1.19
2.14
1.28
1.9
3.6
5.63
5.34
1.82
1.4
1.3
1.19
1.1
0.99
0.91
0.83
0.77
0.74
1.21
1.31
0.86
1.01
0.83
0.65
0.56
0.52
0.5
0.48
0.46
0.45
0.43
0.42
0.42
0.4
0.38
0.43
0.42
0.39
0.37
0.35
0.35
0.33
0.32
0.32
0.64
2.23
1.32
2.71
6.6
1.06
0.64
0.54
0.49
0.47
0.46
0.48
0.44
0.41
0.4
0.41
0.58
3.31
1.04
0.57
0.5
3.39
1.84
1.31
1.48
5.53
2.09
4.91
2.46
3.04
3.22
2.04
2.57
2.09
2.12
1.3
1.09
0.99
0.96
0.84
0.75
0.76
0.85
0.78
1.93
1.48
0.87
0.86
0.79
0.73
1.32
1.46
0.77
0.59
0.52
0.49
0.62
0.63
0.5
0.45
0.44
0.41
0.4
0.38
0.38
0.41
0.69
3.22
1.48
0.76
1.02
0.54
0.61
1.96
1.15
1.05
0.82
0.66
0.54
0.48
0.45
0.43
0.41
0.4
0.4
0.38
0.37
0.36
0.38
0.35
0.35
0.34
0.33
0.32
0.31
0.31
0.35
0.33
0.3
0.29
0.28
0.28
0.27
0.27
0.3
0.43
0.46
0.37
0.31
0.28
0.27
0.26
0.24
0.25
0.26
0.24
0.23
0.22
0.22
0.22
0.21
0.21
0.2
0.2
0.2
0.21
0.22
0.2
0.19
0.19
0.2
0.25
0.22
0.23
0.27
0.24
0.23
0.21
0.2
0.19
0.18
0.18
0.17
0.17
0.17
0.17
0.17
0.17
0.17
0.17
0.16
0.16
0.16
0.16
0.16
0.16
0.16
0.16
0.17
0.18
0.17
0.16
0.16
0.16
0.16
0.15
0.15
0.15
0.17
0.17
3.66
1.12
3.89
0.78
0.42
0.36
0.32
0.82
2.33
2.65
0.98
0.85
1.7
2.53
1.33
0.81
0.66
0.6
0.6
2.61
4.37
2.29
1.48
2.5
3.11
1.34
5.15
2.56
3.38
3.65
2.93
7.35
4.09
2.32
2.32
1.9
1.64
2.66
2.85
3.67
3.49
2.55
1.8
1.55
1.72
6
1.93
1.59
2.05
2.42
2.17
1.46
1.52
1.24
1.13
1.04
1.01
0.94
0.83
0.81
3.98
1.74
4.06
2.27
1.24
1.06
0.96
0.92
1.49
4.75
1.99
2.51
1.81
3.7
6.61
2.69
2.26
5.72
3.13
5.44
9.44
3.92
2.3
1.81
1.6
1.41
1.27
1.14
1.03
0.95
0.85
0.82
1.31
0.97
1.48
0.92
1.7
2.18
3.95
6.39
2.32
1.47
1.12
1.04
1.22
1.12
1.13
1.43
1.18
1.4
1.04
1.98
1.78
1.99
1.09
0.96
1.24
1.09
2.33
2.19
1.68
1.42
1.01
0.91
0.83
0.79
0.75
0.71
0.68
0.68
0.81
0.77
0.98
1.14
0.7
0.63
0.98
1.31
4.55
1.68
0.93
1.8
1.91
2.41
1.15
2.07
1.2
1.14
1.04
1.04
0.9
0.81
0.75
0.7
0.67
0.64
0.61
0.59
0.56
0.55
0.52
0.5
0.48
0.47
0.45
0.44
0.44
0.43
0.41
0.39
0.47
0.4
0.38
0.37
0.36
0.35
0.34
0.33
0.33
0.32
0.32
0.31
0.32
0.3
0.29
0.28
0.28
0.27
0.27
0.27
0.27
0.26
0.26
0.29
0.34
0.4
2.42
4.06
1.61
1.25
2.31
3.44
1.09
0.8
0.73
0.63
0.55
0.52
0.49
0.48
0.48
0.54
0.53
0.46
0.59
1.15
1.1
1.38
0.84
0.59
0.55
0.81
0.8
0.68
0.55
0.5
0.5
0.46
0.42
0.4
0.39
0.39
0.38
0.38
0.41
0.4
0.84
0.64
1.19
0.86
1.05
0.52
0.41
0.37
0.35
0.34
0.33
0.32
0.33
0.33
0.31
0.3
0.33
0.32
0.29
0.29
0.29
0.28
0.27
0.33
0.33
0.33
0.39
0.29
0.26
0.25
0.24
0.24
0.24
0.23
0.22
0.21
0.2
0.2
0.19
0.19
0.21
0.21
0.23
0.2
0.6
0.59
0.41
0.92
1.21
3.79
0.92
0.55
1.22
2.04
1.22
0.77
1.55
0.52
0.4
0.37
0.34
0.32
0.31
0.3
0.29
0.28
0.32
0.32
0.31
0.3
0.3
0.3
0.3
0.29
0.29
0.28
0.29
0.29
0.28
0.27
0.27
0.28
0.26
0.27
0.36
0.28
0.27
0.26
0.26
0.26
0.25
0.25
0.25
0.25
0.27
0.27
0.29
0.27
0.26
0.25
0.24
0.24
0.23
0.23
0.23
0.23
0.23
0.23
0.28
0.25
0.24
0.23
0.23
0.22
0.22
0.23
0.23
0.23
0.23
0.22
0.22
0.23
0.27
0.31
0.32
0.28
0.55
0.47
0.32
0.36
0.31
0.27
0.25
0.23
0.23
0.22
0.21
0.21
0.9
1.14
0.45
0.4
0.62
0.36
0.33
1.55
2.18
0.73
2.69
3.18
1
0.62
0.55
0.6
0.49
0.47
0.46
0.51
0.67
0.85
0.74
0.84
0.51
0.46
1.04
0.95
0.58
0.79
0.65
1.19
0.62
0.51
2.8
2.8
0.95
0.9
2.63
1.16
2.57
1.33
1.06
0.87
0.79
0.81
0.76
0.7
0.67
0.72
1.86
4.2
5.32
1.37
1.04
0.93
0.87
0.83
0.88
2.65
2.5
1.23
2.02
1.25
1.49
3.03
1.5
1.37
2.14
1.21
2.92
1.92
1.2
1.26
1.14
1.39
1.92
6.23
6.2
2.13
4.45
4.38
4.48
2.86
3.43
4.16
2.5
1.89
1.67
1.64
1.59
1.35
1.86
1.57
1.28
1.39
1.47
1.12
1.09
1
6.29
8.87
5.55
3.89
7.1
3.55
3.58
4.36
2.73
2.01
1.73
1.56
1.41
1.31
1.2
1.1
0.99
0.91
0.83
0.77
0.71
0.67
0.63
0.59
0.56
0.56
0.53
0.52
0.49
0.47
0.45
0.43
0.42
0.59
0.64
0.54
0.48
0.43
0.4
0.38
0.37
0.4
1.94
2.07
3.51
1.49
1.27
0.84
1.41
6.58
3.24
1.46
1.47
1.19
1.07
1.12
1
0.87
0.8
0.73
0.68
0.65
0.68
0.63
3.5
1.35
0.84
0.75
0.79
0.71
0.62
0.6
0.59
0.55
0.52
0.5
0.49
0.53
1.69
2.03
0.96
0.84
2.21
0.85
0.63
0.57
0.54
0.53
0.51
0.89
1.35
1.02
0.96
0.62
0.68
2.55
2.78
1.31
0.85
0.72
0.68
0.65
0.84
0.72
0.63
0.59
0.56
0.53
0.51
0.49
0.47
0.45
0.43
0.42
0.41
0.4
0.39
0.38
0.36
0.38
0.36
0.37
0.42
0.41
0.35
0.32
0.31
0.31
0.29
0.28
0.28
0.28
0.27
0.26
0.26
0.25
0.24
0.23
0.23
0.23
0.23
0.22
0.23
0.23
0.78
1.08
0.47
0.31
0.68
0.56
0.37
0.3
0.29
0.84
2.18
0.91
0.47
0.36
0.32
3.07
1.3
0.59
0.58
0.5
0.41
0.37
0.38
0.46
0.45
0.54
0.45
0.38
0.35
0.36
0.35
0.31
0.29
0.28
0.29
0.28
0.27
0.28
0.27
0.25
0.24
0.25
0.24
0.23
0.23
0.23
0.22
0.24
0.23
0.23
0.71
3.32
0.82
0.48
0.43
3.12
2.38
1.88
1.45
0.91
0.66
2.02
2.62
2.16
1.21
0.87
3.09
1.01
0.85
0.89
0.73
0.67
0.62
0.59
0.57
0.53
0.5
0.48
0.46
0.45
0.53
0.56
2.05
1.92
1.3
0.69
0.64
4.55
1.56
0.88
1.21
0.77
0.86
1.56
0.82
0.69
0.69
0.69
0.64
0.62
0.64
0.78
0.76
9.81
3.7
1.19
1.18
1.04
0.85
0.86
1.12
0.83
0.82
1.59
1.79
1.2
1.21
1.11
0.88
1.09
2.04
1.7
3.83
10.1
2.07
1.8
1.41
5.97
5.91
4.98
2.15
1.71
1.53
1.42
1.31
1.25
1.11
1
0.92
0.88
0.93
1.46
0.86
0.76
0.69
0.64
0.65
1.1
0.93
1.8
1
2.28
1.91
1.62
1.01
0.8
0.75
0.84
0.82
1.28
0.76
0.67
0.63
0.59
0.57
0.56
0.56
0.56
0.53
0.51
0.49
0.47
0.46
0.45
0.44
0.42
0.44
1.12
2.49
6.79
2.09
1.12
1.01
4.61
1.42
2.62
1.39
1.14
5.61
2.05
1.41
1.23
1.17
2.33
1.28
1.21
1.85
1.31
1.33
2.33
2.15
4.07
4.56
3.26
1.68
1.43
1.65
2.03
1.39
3.21
2.75
2.12
1.69
1.98
5.27
1.82
1.41
1.29
1.21
1.13
1.04
0.95
0.87
0.81
0.76
0.71
0.68
0.65
0.83
0.67
0.63
0.57
0.57
1.33
5.56
2.64
1.19
0.92
0.76
0.68
0.66
0.67
0.82
0.65
0.58
0.55
0.53
0.53
0.51
0.52
0.48
0.48
0.65
0.56
0.5
0.97
0.74
0.54
0.48
0.48
0.47
0.45
0.45
0.43
0.41
0.4
0.42
1.25
0.72
0.49
0.42
0.4
1.11
1.35
0.92
0.88
0.62
0.51
0.49
0.5
2.39
0.87
0.6
0.54
0.5
0.51
0.52
0.53
1.49
1.41
0.85
0.59
0.54
0.52
0.53
0.57
0.61
0.96
0.95
3.13
1.98
1.65
0.84
0.71
0.96
1.29
2.75
1.62
1.32
1.1
1.19
0.92
0.83
0.78
0.78
0.86
0.76
0.69
0.66
0.62
0.59
0.56
0.55
0.5
0.48
0.49
0.59
0.53
0.48
0.48
0.49
1.87
1.59
2.34
1.78
1.39
1.69
0.81
0.69
0.63
0.61
0.58
0.55
0.54
0.56
0.55
0.69
0.79
1.76
1.24
0.65
0.53
0.49
0.47
0.46
0.44
0.43
0.55
1.79
1.12
0.72
0.54
0.47
0.43
0.41
0.4
0.49
0.66
0.45
0.41
0.38
1.02
0.68
0.68
1.37
1.05
0.62
0.5
0.74
0.77
0.52
0.44
0.4
0.38
0.37
0.36
0.35
0.34
0.34
0.33
0.32
0.33
0.34
0.34
0.32
0.31
0.41
1.08
0.54
0.41
2.06
1.92
0.71
0.63
0.54
0.46
0.4
0.37
0.43
0.98
0.47
0.38
0.35
0.33
0.32
0.32
0.31
0.37
0.34
0.32
0.3
0.3
0.29
0.29
0.28
0.28
0.3
0.28
0.91
0.51
0.36
0.32
0.29
0.28
0.28
0.28
0.27
0.26
0.26
0.28
0.27
0.26
0.25
0.26
0.27
0.46
0.37
0.29
0.27
0.29
1.47
0.62
0.34
0.29
0.28
0.27
0.26
0.25
0.33
0.33
0.53
0.96
0.88
1.58
0.91
1.97
1.33
0.62
0.44
0.39
0.36
0.35
0.34
0.43
0.42
0.38
7.83
3.41
0.91
0.64
0.57
0.73
0.77
2.1
2.47
1.86
1.73
0.93
2.65
13.6
2.54
1.63
1.33
1.47
4.53
8.05
2.05
5.15
5.37
4.26
2.07
15.3
8.94
2.15
2.62
2.15
2.86
2.61
1.6
1.31
1.19
1.21
1.06
0.94
0.85
0.79
0.73
0.69
0.65
0.61
0.7
0.68
0.67
0.92
0.79
0.63
1.9
6.82
5.09
4.55
1.6
1.4
1.17
2.83
1.35
1.02
0.92
0.86
0.81
0.77
0.73
0.69
0.91
0.94
0.85
0.93
0.72
0.65
0.58
0.55
0.52
0.49
0.48
0.46
0.43
0.5
4
2.1
1.66
1.14
0.9
0.76
0.65
0.59
0.56
0.55
0.56
3.59
2.16
0.86
1.56
1.54
1.76
2.17
1.61
1.1
1.13
1.47
0.89
0.79
0.74
0.7
0.66
0.63
0.61
0.58
0.55
0.54
0.52
0.51
0.49
0.47
0.46
0.44
0.44
0.51
0.71
0.49
0.42
0.42
0.59
0.51
5.1
3.59
2.31
1.79
1.1
4.1
1.75
1.08
0.95
0.83
0.76
0.73
0.7
0.73
0.8
0.7
0.64
0.59
0.55
0.57
0.89
6.23
5.32
2.21
1.16
0.96
1.36
0.92
0.86
0.81
0.71
0.66
0.62
0.6
0.58
0.55
0.53
1.22
3.97
3.38
5.98
5.15
1.54
3.13
3.36
2.66
2.02
1.65
1.25
1.12
1.01
0.93
0.92
0.83
0.75
0.7
1.46
0.91
0.78
0.99
0.75
0.63
0.57
0.54
0.53
0.79
0.78
0.56
0.52
0.49
0.49
0.47
0.43
0.42
0.4
0.55
1
0.65
0.65
0.47
0.42
0.4
0.4
0.45
0.4
0.38
0.36
0.35
0.34
0.34
0.35
0.34
1.07
1.63
6.76
1.71
8.65
3.19
1.57
5.77
1.76
1.55
1.82
1.2
0.96
0.84
0.78
0.72
0.67
0.63
0.59
0.56
0.54
0.52
0.49
0.46
0.45
0.45
0.43
0.44
0.41
0.39
0.37
0.36
0.36
0.36
0.4
0.37
0.34
0.33
0.32
0.38
0.51
0.41
0.35
0.32
0.3
0.29
0.71
0.43
0.31
0.3
0.29
0.28
0.32
0.72
0.54
0.44
0.31
0.28
0.26
0.24
0.23
0.23
0.22
0.22
0.22
0.21
0.22
0.21
0.2
0.2
0.2
0.19
0.19
0.33
0.28
0.31
0.41
0.27
0.23
0.21
0.2
0.2
0.2
0.19
0.18
0.19
0.19
0.18
0.18
0.18
0.18
0.24
0.32
1.13
0.52
0.34
0.43
0.31
0.94
0.55
0.32
0.39
0.31
0.26
0.24
0.23
0.23
0.24
1.41
1.91
0.45
0.32
0.27
0.25
0.24
0.23
0.22
0.22
0.22
0.22
0.25
0.22
0.21
0.21
0.2
0.2
0.2
0.19
0.19
0.2
0.21
0.2
0.19
0.93
0.8
0.76
1.7
2.99
0.73
0.41
0.36
1.35
3.38
0.74
1.08
1.5
4.15
1.8
0.77
0.62
0.55
0.5
0.48
1.01
1.28
2.6
1.22
1.4
1.88
1.98
1.66
3.45
1.32
1.04
1.04
1.1
0.97
0.92
0.78
0.72
0.67
0.63
0.61
0.58
0.56
0.59
0.59
1.01
1.08
0.75
1.54
1.75
2.14
1.88
3.72
1.26
5.49
2.66
1.72
3.79
2.87
7.49
2.75
4.29
7.85
3.28
2.23
2.95
2.58
5.3
4.31
5.3
3.16
4.97
3.32
2.15
1.86
5.92
7.17
2.49
2.42
3.02
2.24
1.96
1.71
1.54
1.33
1.19
1.1
1.01
0.95
0.9
0.88
0.83
0.86
0.85
17.6
4
4.24
2.74
1.99
4.19
2.08
2.01
2.41
6.62
3.59
8.03
3.26
3.65
2.65
2.8
1.96
2.27
2.75
4.99
6.04
4.37
4.21
2.62
2.15
1.78
1.69
1.47
1.36
1.26
1.14
1.03
0.94
0.87
0.82
0.76
0.71
0.66
0.63
0.61
0.77
1.5
5.56
5.11
3.91
4.49
4.18
1.77
1.47
2.85
1.54
1.35
3.72
1.92
3.22
6.52
4.62
3.55
2.91
1.94
3.62
2.79
2.07
2.61
2.12
11.2
12.6
3.92
2.47
2.25
1.94
1.59
1.42
1.3
1.18
1.1
1.01
0.93
0.94
1.11
1.22
0.99
0.84
1.44
0.86
0.69
0.64
0.61
0.58
0.55
0.6
0.62
0.56
0.51
0.48
0.47
0.45
0.44
0.43
0.42
0.41
0.41
0.4
0.39
0.38
0.38
0.37
0.39
0.37
0.35
0.35
0.34
0.34
0.33
0.33
0.4
0.56
0.41
0.37
0.35
0.33
0.32
0.33
0.32
0.3
0.29
0.29
0.28
0.32
0.77
1.55
2.64
3.81
2.67
2.7
5.98
1.36
2.88
1.54
1.52
0.94
0.8
0.73
0.69
0.64
0.62
0.6
0.58
0.6
3.62
1.18
0.71
1.68
1.66
0.87
0.73
0.7
0.65
0.6
0.58
0.56
0.53
0.51
0.49
0.51
0.49
0.51
0.6
2.31
1.04
1.04
1.28
1.7
1.45
5.17
1.29
1.33
1.83
6.91
1.49
1.28
1.97
2.65
4.15
3.67
3.02
2.52
2.05
2.03
1.48
1.26
1.22
2.64
2.5
1.19
1.11
3.85
1.71
3.79
1.85
2.23
1.33
1.22
1.15
1.07
1.02
2.36
1.22
1.87
5.77
1.39
2.39
1.52
1.04
0.93
0.88
0.95
0.82
0.77
0.71
1.39
0.83
0.66
0.61
0.57
0.55
0.54
1.19
4.3
2.77
1.2
0.93
3.91
1.92
4.54
1.2
0.97
0.87
0.8
0.76
0.71
0.67
0.64
0.6
0.58
0.55
0.53
0.52
0.49
0.46
0.45
0.43
0.42
0.4
0.39
0.38
0.37
0.36
0.35
0.35
0.34
0.34
0.33
0.32
0.32
0.34
0.36
0.33
2.85
2.18
1.59
0.71
0.5
0.43
0.41
0.66
1.4
0.6
0.45
0.4
0.37
0.36
0.35
0.34
0.37
0.35
0.34
0.33
0.33
0.33
0.37
4.86
1
0.53
0.45
0.42
0.41
0.39
0.38
0.37
0.37
0.36
0.45
2.6
0.89
0.53
0.46
0.43
0.41
0.4
0.39
0.38
0.37
0.37
0.41
0.41
0.38
0.36
0.35
0.39
0.38
0.36
0.35
0.44
1.98
0.66
3
1.18
0.79
0.55
0.56
0.61
0.51
0.47
1.17
1.74
4.75
2.32
5.31
1.91
3.65
4.92
9.65
2.98
8.03
5.63
2.4
1.75
1.53
1.38
1.24
1.13
1.01
0.91
0.83
0.77
0.72
0.68
0.64
0.6
1.61
1.85
0.81
1.52
5.35
1.84
1.13
1.04
1.01
0.78
0.71
2.25
2.38
1.28
1.35
1.62
1.34
2.93
3.96
3.05
4.56
7.77
8.14
2.47
2.08
3.24
4.74
3.24
2.59
1.89
1.68
1.63
1.34
1.2
1.1
1
0.94
0.88
1.98
1.36
1.79
3.43
3.56
2.13
1.24
1.24
1.07
0.92
0.84
0.8
0.75
0.71
0.67
0.64
0.61
0.58
0.56
0.54
0.52
0.5
0.55
0.61
0.54
2.57
1.67
0.64
0.63
1.35
1.06
1
0.79
0.7
0.6
0.58
0.85
1.81
4.68
4.97
4.06
1.41
1.38
1.16
1.94
1.46
1
0.86
0.79
1.86
2.41
1.02
1.47
1.13
0.86
0.97
0.84
1.88
5.5
1.55
1.3
1.21
1.01
0.87
0.79
0.75
0.76
0.7
0.65
0.62
0.62
0.64
0.92
0.93
0.63
0.54
0.5
0.47
0.54
1.17
0.9
1.54
0.71
0.61
0.64
0.53
0.48
0.47
0.5
1.09
2.14
1.18
0.74
0.59
0.54
0.53
0.5
0.48
0.48
0.47
0.45
0.44
0.42
0.41
1.39
1.67
1.47
2.81
1.07
0.63
0.56
0.53
0.52
0.5
0.54
1.43
4.05
1.58
1.96
2.68
1.73
0.95
0.81
0.91
0.83
0.73
0.73
0.64
0.79
0.64
0.57
0.53
0.51
0.51
0.48
0.47
0.45
0.44
0.44
0.68
0.7
0.74
3.79
1.24
0.56
0.47
0.44
0.44
0.82
0.78
0.46
0.41
0.41
0.47
0.61
1.95
12.8
7.97
4.11
2.85
14.5
1.9
1.49
1.28
1.1
1.01
0.91
0.81
0.75
0.77
0.84
0.66
0.59
0.56
0.52
0.5
0.49
0.47
0.44
0.44
0.61
1.41
5.67
2.65
1.74
1.71
1.03
3.25
1.75
3.43
1.28
5.62
1.75
3.79
3.1
8.27
1.66
1.39
3.17
2.32
3.79
1.81
2.2
1.62
1.19
1.44
1.6
1.11
0.97
0.86
0.8
0.74
0.7
0.72
5.7
1.57
0.88
4.43
6.67
1.99
1.46
1.73
4.09
4.23
2.48
1.38
1.17
1.08
1.04
0.92
0.84
0.78
0.72
0.67
0.64
0.61
0.58
0.56
0.53
0.51
0.49
0.47
0.47
0.97
1.11
2.27
2.04
8.13
4.54
2.43
5.25
1.15
0.91
0.81
0.74
0.7
0.67
0.74
1.26
0.83
0.66
0.6
0.58
5.87
1.26
1.33
2.76
1.61
1.14
2.33
2.18
1.51
1.61
2.3
1.11
1.17
1.16
0.92
0.84
0.79
0.81
1.19
3.78
2.5
4.61
1.6
1.24
1.86
1.41
1.35
1.59
2.62
1.69
1.04
1.06
1.38
1.03
2.11
1.35
0.91
0.84
1.04
0.92
0.78
0.71
0.66
2.95
2.97
3.93
3.24
1.28
0.99
1.05
1.11
0.97
0.86
11.7
3.13
1.18
0.97
0.99
1.04
0.96
0.91
1.1
0.85
0.86
0.75
0.69
0.64
0.6
0.57
0.55
0.54
0.53
0.51
0.5
0.48
0.47
0.46
0.44
0.42
0.43
0.42
0.41
0.41
1.82
7.71
1.22
0.93
1.97
4.54
4.97
2.63
2.22
1.2
9.84
4.13
2.57
4.96
2.76
2.19
1.88
1.77
2.17
2.67
1.32
1.11
1.01
0.97
1.29
1.11
0.93
0.91
1.14
9.17
3.12
1.92
1.99
4.01
1.88
1.81
1.88
2.35
1.68
1.48
1.17
1.07
1.1
0.94
0.84
0.78
0.74
0.7
0.66
0.62
0.63
5.65
1.53
1.15
1.75
2.3
1.59
2.65
1.87
1.04
1.09
1
0.85
0.75
0.7
0.66
0.63
0.6
0.57
0.55
0.53
0.52
0.51
0.5
0.96
0.86
0.93
0.59
0.5
0.47
0.44
0.43
0.42
0.41
0.4
0.45
1.59
1.25
1.33
0.96
0.55
0.47
0.47
0.54
0.48
0.44
0.42
0.41
0.39
0.38
0.38
0.37
0.36
0.36
0.67
1.99
2.8
0.73
0.68
1.35
0.64
0.55
0.48
0.45
0.45
0.47
0.53
0.57
0.46
0.41
0.39
0.38
0.38
0.52
1.39
0.97
2.57
1.67
1.79
0.78
0.58
0.51
0.48
0.45
0.45
0.43
2.12
0.81
0.52
0.44
0.42
0.4
0.39
0.38
0.37
0.37
1.11
0.76
0.55
0.44
0.55
0.46
0.4
0.38
0.36
0.36
0.35
0.43
0.4
0.35
0.33
0.32
0.32
0.31
0.3
0.29
0.29
0.28
0.29
0.28
0.27
0.27
0.28
0.27
0.27
0.29
0.32
0.7
0.38
0.3
0.3
1.7
0.98
0.44
0.82
0.96
1.52
2.86
0.78
1.55
1.15
4.65
1.08
2.01
1.32
0.74
2.21
1.67
0.86
7.82
1.3
1.03
1.67
0.88
1.31
4.36
1.2
0.87
0.77
0.72
0.68
0.81
0.69
0.63
0.6
0.58
0.6
0.54
0.49
0.46
0.47
0.69
0.54
0.48
0.58
1.26
0.76
3.84
0.84
0.8
0.59
0.76
0.8
0.56
5.29
2.22
2.09
0.86
0.7
0.77
0.87
0.68
0.55
0.51
0.48
0.47
0.45
0.44
0.42
0.41
0.4
0.39
0.38
0.37
0.37
0.37
0.36
0.35
0.34
0.33
0.33
0.32
0.31
0.31
0.3
0.33
0.35
0.41
2.33
2.81
0.79
0.67
0.62
1.15
0.63
0.45
0.4
0.38
0.37
0.36
0.35
0.34
1.1
0.94
1.77
1.19
2.41
0.69
0.65
0.72
0.64
0.54
1.29
2.12
5.86
2.4
5.68
3.03
1.92
2.36
2.75
2.05
1.28
1.29
1.54
3.6
7.09
4.62
2.66
2.55
1.57
1.72
4.81
2.79
8.73
4.02
6.77
6.64
2.76
2.35
3.6
4.94
6.04
2.03
1.93
2.4
2.32
2.09
11.7
3.46
4.36
4.27
2.05
1.68
1.45
1.31
1.19
1.1
1.02
0.95
0.9
0.77
0.74
0.71
0.64
0.6
0.64
0.58
1.82
2.3
1.12
0.91
5.91
3.27
1.09
0.82
0.74
0.69
0.63
0.63
0.61
0.58
0.56
0.54
0.53
0.52
0.53
0.57
0.53
10.2
6.1
1.38
0.92
1.33
2.04
3.44
2.63
1.04
0.86
0.78
0.72
0.75
1.01
1.89
0.81
0.66
0.66
3.32
2.94
2.21
2.9
1.47
1.01
0.87
0.79
0.73
0.68
0.67
0.64
0.63
0.77
1.44
1.16
1.27
0.81
0.7
1.09
1.74
2.11
1.6
1.62
2.26
2.26
1.36
0.95
0.8
0.74
0.69
0.66
0.64
0.6
0.58
0.56
0.54
0.52
0.51
0.48
0.47
0.45
0.44
0.43
0.63
4.31
3.42
0.86
1.54
3.48
2.67
2.18
2.01
1.3
1.6
3.02
2.93
1.86
2.94
3.33
2.84
1.38
1.17
1.08
0.95
0.85
0.78
0.73
0.67
0.63
0.6
0.58
0.54
0.52
0.5
0.48
0.46
0.44
0.43
0.41
0.4
0.41
0.46
0.4
0.38
0.37
0.43
0.4
0.52
0.63
0.43
0.37
0.35
0.38
0.35
0.34
0.34
0.32
0.32
0.31
0.3
0.31
0.29
0.3
0.29
0.28
0.29
0.28
0.27
0.26
0.26
0.25
0.25
0.25
0.24
0.24
0.29
0.26
0.25
0.53
0.34
0.27
0.25
0.24
0.23
0.67
1.02
0.38
0.29
0.26
0.24
0.24
0.24
0.23
0.22
0.21
0.21
0.21
0.2
0.2
0.19
0.19
0.2
0.19
0.18
0.18
0.18
0.2
0.18
0.26
0.29
0.22
0.22
0.2
0.19
0.2
0.18
0.18
0.18
0.18
0.18
0.19
0.44
3.39
1.23
0.56
0.34
0.28
0.95
0.59
2.09
0.6
0.42
0.35
0.31
0.3
0.29
0.27
0.26
0.26
0.25
0.24
0.24
0.26
0.26
0.26
0.34
0.29
0.27
1.05
0.45
0.29
0.26
0.28
0.3
0.25
0.24
0.23
1.98
4.5
1.82
3.09
1.46
0.65
2.7
1.35
0.77
0.58
0.53
0.49
0.46
0.44
0.42
0.41
0.4
0.43
3.29
1.08
0.6
0.5
0.51
0.65
0.48
0.44
1.17
0.77
0.56
0.45
0.42
0.41
0.41
0.39
2.43
1.51
0.97
0.54
0.46
0.43
0.73
2.48
2.65
6.68
3.04
3.59
1.34
1.62
1.42
0.93
0.86
0.78
0.72
0.65
0.62
0.59
0.57
0.55
0.52
0.5
0.5
0.57
0.56
0.48
0.85
1.7
0.73
0.53
2.45
1.52
0.69
0.59
1.39
3.05
1.11
1.34
1.64
1.33
2.74
1.52
2.21
3.01
2.98
2.46
6.59
4.13
2.06
1.68
1.37
2.75
4.67
1.93
3.52
2.26
1.35
1.2
1.1
1.39
1.08
0.93
0.83
0.75
0.7
0.66
0.61
0.59
0.62
1.2
0.92
0.6
0.52
0.49
0.47
0.51
0.54
0.51
0.47
0.44
0.43
1.05
0.65
0.48
0.45
0.44
0.44
0.41
0.38
0.4
0.45
0.39
0.77
4.03
1.75
1.01
0.68
