13.4
4.29
5.25
3.27
6.28
3.74
3.23
3.39
2.4
1.88
1.71
2.59
2.33
2.01
3.91
3.36
2.12
4.11
1.81
1.5
1.94
1.57
1.44
3.27
1.5
4.2
3.15
2.9
1.86
1.45
5.49
2.54
1.85
2.48
6.95
8.64
3.9
5.46
4.48
3.63
3.22
4.63
7.41
2.38
9.96
3.32
2.2
6.33
2.63
2.44
3.15
2.04
1.78
1.65
2.28
1.96
2.24
3.38
2.27
1.48
4.29
2.82
1.6
1.36
1.36
1.63
1.2
1.03
0.93
0.86
0.8
0.73
0.69
0.64
0.61
0.58
0.58
0.54
0.95
1.02
1.27
1.06
1.64
1.03
0.65
0.82
2.56
1.12
0.7
0.62
0.58
0.61
0.84
0.69
1.45
9.57
7.31
1.32
1.03
0.91
0.83
0.79
0.73
0.68
0.63
0.6
0.58
0.55
0.53
1.13
0.78
0.58
0.96
0.59
1.38
3.47
2.4
1.05
0.8
0.66
0.85
0.67
0.57
0.53
0.71
1
1.06
3.1
1.41
2.03
1.04
0.9
0.77
0.64
0.59
0.56
0.54
0.51
0.56
0.55
0.72
1.88
1.41
1.9
2.04
0.78
0.62
0.57
0.55
0.54
0.51
0.48
0.48
0.53
1.26
0.7
0.49
0.48
0.48
0.62
0.95
0.49
0.42
0.39
0.37
0.37
0.35
0.34
0.34
0.32
0.31
0.31
0.3
0.29
0.29
0.29
0.32
0.35
0.82
0.46
0.33
0.3
0.28
0.27
0.33
0.6
0.33
0.34
0.32
0.29
0.27
0.25
0.26
0.25
0.25
0.24
0.24
0.23
0.23
0.22
0.21
0.21
0.2
0.2
0.2
0.19
0.19
0.19
0.2
0.19
0.19
0.19
0.23
0.26
0.21
0.21
0.87
0.43
0.25
0.22
0.22
0.43
0.4
0.49
0.37
0.85
0.51
0.3
0.47
0.33
0.25
0.23
0.22
0.23
0.22
0.21
1.96
1.1
1.21
0.8
0.91
0.87
0.38
0.33
0.31
0.28
0.26
0.25
0.24
0.24
0.23
0.22
0.22
0.22
0.21
0.21
0.21
0.21
0.2
0.2
0.2
0.2
0.2
0.19
0.19
0.19
0.2
0.19
0.2
0.19
0.19
0.19
0.19
0.19
0.19
0.2
0.34
0.38
1.95
0.69
0.67
1.08
0.5
0.45
1.41
5.28
0.81
1.07
2.14
4.78
2.26
1.17
1.19
1.72
0.81
0.94
1.41
0.86
0.67
0.63
0.61
0.73
0.7
0.62
2.19
2.67
1.43
1.17
0.95
3.26
2.89
3.51
1.23
4.02
5.03
1.84
3.37
2.22
2.27
1.9
1.68
1.37
1.29
1.2
1.48
2.03
1.31
1.01
1.01
0.97
0.86
0.79
0.74
0.7
0.67
0.64
0.61
0.59
0.57
0.57
0.99
1.16
1.7
1.67
5.3
2.98
1.03
0.96
1.07
1.19
3.1
5.93
2.87
1.27
1.41
1.4
2.27
2.03
1.23
3.25
1.78
1.15
1.01
0.96
0.98
2.82
2.11
6.75
1.4
1.21
1.38
3.12
5.68
2.9
2.86
1.51
6.29
2.5
12.6
2.93
1.78
1.6
1.44
1.26
1.56
1.38
1.12
1.35
1.3
0.98
1.46
0.94
1.64
1.99
1.96
1.44
1.06
0.93
0.84
0.8
0.78
0.72
0.71
0.69
0.69
0.87
1.06
1
3.39
1.25
0.78
1.17
0.73
0.63
4.02
1.49
1.07
4.8
2.16
2.53
3.02
3.92
1.46
2.43
2.4
2.05
1.88
1.42
1.22
1.11
1.02
1.04
1.23
1.04
0.88
0.97
1.25
0.85
0.75
0.7
0.65
0.6
0.58
0.56
0.53
0.52
0.51
0.5
0.58
0.98
0.67
2.66
3.6
1.52
1.19
0.93
1.1
1.79
0.87
0.68
0.62
0.59
0.57
0.55
0.55
0.55
0.52
0.5
0.48
0.47
0.46
0.45
0.43
0.42
0.41
0.4
0.39
0.39
0.42
0.43
0.41
0.39
0.4
0.47
0.4
0.38
0.72
1.52
1.46
1.92
1.48
0.65
0.82
0.97
0.6
0.52
0.48
0.47
1.68
0.69
0.54
0.49
1.21
1.29
0.62
0.51
0.49
0.46
0.46
0.44
0.42
0.41
0.41
0.45
0.7
1.43
4.95
2.71
0.78
0.59
0.53
0.5
0.47
0.45
0.44
0.42
0.42
0.52
0.48
0.43
0.4
0.39
0.39
0.37
0.36
0.35
0.35
0.38
0.35
0.33
0.32
0.33
0.31
0.33
0.3
0.29
0.29
0.35
0.3
0.28
0.34
0.33
0.41
0.65
0.38
0.3
0.28
1.09
0.96
0.86
0.6
0.37
0.34
0.3
0.28
0.3
0.28
0.27
0.28
3.24
0.86
2.53
1.31
0.55
0.41
0.35
0.32
0.32
0.31
0.31
0.3
0.62
0.69
0.36
0.3
0.29
1.19
0.45
0.33
0.75
1.99
0.52
0.38
0.34
0.32
0.63
0.9
1.63
1.79
2.17
1.98
5.17
2.27
0.95
0.69
0.6
0.62
0.67
0.55
0.5
0.48
0.46
0.45
0.42
0.41
0.4
0.39
0.38
0.41
0.53
0.83
5.15
2.2
0.68
0.58
1.38
0.63
0.51
1.01
1.33
0.69
0.84
0.55
0.47
0.44
0.42
0.41
0.4
