ncols        36
nrows        50
xllcorner    259546.111211111129
yllcorner    77494.200100000002
cellsize 173
NODATA_value  -9999
 -9999.0 -9999 -9999 -9999 -9999 -9999 -9999 -9999 -9999 -9999 -9999 -9999 -9999 -9999 -9999 -9999 -9999 -9999 -9999 -9999 -9999 -9999 -9999 -9999 -9999 -9999 -9999 -9999 -9999 -9999 -9999 -9999 -9999 -9999 -9999 -9999
 -9999 -9999 -9999 -9999 -9999 -9999 -9999 -9999 -9999 -9999 -9999 -9999 0 -9999 -9999 -9999 -9999 -9999 -9999 -9999 -9999 -9999 -9999 -9999 -9999 -9999 -9999 -9999 -9999 -9999 -9999 -9999 -9999 -9999 -9999 -9999
 -9999 -9999 -9999 -9999 -9999 -9999 0 0 0 0 0 0 0 -9999 -9999 -9999 -9999 -9999 -9999 -9999 -9999 -9999 -9999 -9999 -9999 -9999 -9999 -9999 -9999 -9999 -9999 -9999 -9999 -9999 -9999 -9999
 -9999 -9999 -9999 -9999 -9999 0 0 0 0 0 0 0 0 -9999 -9999 -9999 -9999 -9999 -9999 -9999 -9999 -9999 -9999 -9999 -9999 -9999 -9999 -9999 -9999 -9999 -9999 -9999 -9999 -9999 -9999 -9999
 -9999 -9999 -9999 -9999 -9999 0 0 0 0 0 0 0 -9999 -9999 -9999 -9999 -9999 -9999 -9999 -9999 -9999 -9999 -9999 -9999 -9999 -9999 -9999 -9999 -9999 -9999 -9999 -9999 -9999 -9999 -9999 -9999
 -9999 -9999 -9999 -9999 -9999 0 0 0 0 0 0 0 -9999 -9999 -9999 -9999 -9999 -9999 -9999 -9999 -9999 -9999 -9999 -9999 -9999 -9999 -9999 -9999 -9999 -9999 -9999 -9999 -9999 -9999 -9999 -9999
 -9999 -9999 -9999 -9999 -9999 0 0 0 0 0 0 0 -9999 -9999 -9999 -9999 -9999 -9999 -9999 -9999 -9999 -9999 -9999 -9999 -9999 -9999 -9999 -9999 -9999 -9999 -9999 -9999 -9999 -9999 -9999 -9999
 -9999 -9999 -9999 -9999 -9999 0 0 0 0 0 0 0 -9999 -9999 -9999 -9999 -9999 -9999 -9999 -9999 -9999 -9999 -9999 -9999 -9999 -9999 -9999 -9999 -9999 -9999 -9999 -9999 -9999 -9999 -9999 -9999
 -9999 -9999 -9999 -9999 -9999 0 0 0 0 0 0 0 -9999 -9999 -9999 -9999 -9999 -9999 -9999 -9999 -9999 -9999 -9999 -9999 -9999 -9999 -9999 -9999 -9999 -9999 -9999 -9999 -9999 -9999 -9999 -9999
 -9999 -9999 -9999 -9999 -9999 0 0 0 0 0 0 -9999 -9999 -9999 -9999 -9999 -9999 -9999 -9999 -9999 -9999 -9999 -9999 -9999 -9999 -9999 -9999 -9999 -9999 -9999 -9999 -9999 -9999 -9999 -9999 -9999
 -9999 -9999 -9999 -9999 0 0 0 0 0 0 -9999 -9999 -9999 -9999 -9999 -9999 -9999 -9999 -9999 -9999 -9999 -9999 -9999 -9999 -9999 -9999 -9999 -9999 -9999 -9999 -9999 -9999 -9999 -9999 -9999 -9999
 -9999 -9999 -9999 -9999 0 0 0 0 0 -9999 -9999 -9999 -9999 -9999 -9999 -9999 -9999 -9999 -9999 -9999 -9999 -9999 -9999 -9999 -9999 -9999 -9999 -9999 -9999 -9999 -9999 -9999 -9999 -9999 -9999 -9999
 -9999 -9999 -9999 0 0 0 0 0 0 -9999 -9999 -9999 -9999 -9999 -9999 -9999 -9999 -9999 -9999 -9999 -9999 -9999 -9999 -9999 -9999 -9999 -9999 -9999 -9999 -9999 -9999 -9999 -9999 -9999 -9999 -9999
 -9999 -9999 -9999 0 0 0 0 0 0 -9999 -9999 -9999 -9999 -9999 -9999 -9999 -9999 -9999 -9999 -9999 -9999 -9999 -9999 -9999 -9999 -9999 -9999 -9999 -9999 -9999 -9999 -9999 -9999 -9999 -9999 -9999
 -9999 -9999 -9999 0 0 0 0 0 0 0 -9999 -9999 -9999 -9999 -9999 -9999 -9999 -9999 -9999 -9999 -9999 -9999 -9999 -9999 -9999 -9999 -9999 -9999 -9999 -9999 -9999 -9999 -9999 -9999 -9999 -9999
 -9999 -9999 -9999 0 0 0 0 0 0 0 0 -9999 -9999 -9999 -9999 -9999 -9999 -9999 -9999 -9999 -9999 -9999 -9999 -9999 -9999 -9999 -9999 -9999 -9999 -9999 -9999 -9999 -9999 -9999 -9999 -9999
 -9999 -9999 0 0 0 0 0 0 0 0 -9999 -9999 -9999 -9999 -9999 -9999 -9999 -9999 -9999 -9999 -9999 -9999 -9999 -9999 -9999 -9999 -9999 -9999 -9999 -9999 -9999 -9999 -9999 -9999 -9999 -9999
 -9999 -9999 0 0 0 0 0 0 0 0 -9999 -9999 -9999 -9999 -9999 -9999 -9999 -9999 -9999 -9999 -9999 -9999 -9999 -9999 -9999 -9999 -9999 -9999 -9999 -9999 -9999 -9999 -9999 -9999 -9999 -9999
 -9999 -9999 0 0 0 0 0 0 0 0 0 -9999 -9999 -9999 -9999 -9999 -9999 -9999 -9999 -9999 -9999 0 0 0 0 0 -9999 -9999 -9999 -9999 -9999 -9999 -9999 -9999 -9999 -9999
 -9999 -9999 0 0 0 0 0 0 0 0 0 0 -9999 -9999 -9999 -9999 -9999 -9999 -9999 -9999 0 0 0 0 0 0 0 -9999 -9999 -9999 -9999 -9999 -9999 -9999 -9999 -9999
 -9999 -9999 0 0 0 0 0 0 0 0 0 0 0 0 -9999 -9999 -9999 -9999 -9999 -9999 0 0 0 0 0 0 0 -9999 -9999 -9999 -9999 -9999 -9999 -9999 -9999 -9999
 -9999 0 0 0 0 0 0 0 0 0 0 0 0 0 0 -9999 -9999 -9999 -9999 0 0 0 0 0 0 0 0 0 -9999 -9999 -9999 -9999 -9999 -9999 -9999 -9999
 -9999 0 0 0 0 0 0 0 0 0 0 0 0 0 0 -9999 -9999 -9999 -9999 0 0 0 0 0 0 0 0 0 0 -9999 -9999 -9999 -9999 -9999 -9999 -9999
 -9999 0 0 0 0 0 0 0 0 0 0 0 0 0 0 0 0 0 0 0 0 0 0 0 0 0 0 0 0 -9999 0 0 -9999 -9999 -9999 -9999
 -9999 0 0 0 0 0 0 0 0 0 0 0 0 0 0 0 0 0 0 0 0 0 0 0 0 0 0 0 0 0 0 0 0 -9999 -9999 -9999
 -9999 -9999 -9999 -9999 -9999 -9999 -9999 0 0 0 0 0 0 0 0 0 0 0 0 0 0 0 0 0 0 0 0 0 0 0 0 0 0 0 -9999 -9999
 -9999 -9999 -9999 -9999 -9999 -9999 -9999 0 0 0 0 0 0 0 0 0 0 0 0 0 0 0 0 0 0 0 0 0 0 0 0 0 0 0 -9999 -9999
 -9999 -9999 -9999 -9999 -9999 -9999 -9999 -9999 -9999 0 0 0 0 0 0 0 0 0 0 0 0 0 0 0 0 0 0 0 0 0 0 0 0 0 0 0
 -9999 -9999 -9999 -9999 -9999 -9999 -9999 -9999 -9999 0 0 0 0 0 0 0 0 0 0 0 0 0 0 0 0 0 0 0 0 0 0 0 0 0 0 0
 -9999 -9999 -9999 -9999 -9999 -9999 -9999 -9999 -9999 0 0 0 0 0 0 0 0 0 0 0 0 0 0 0 0 0 0 0 0 0 0 0 0 0 0 0
 -9999 -9999 -9999 -9999 -9999 -9999 -9999 -9999 -9999 -9999 0 0 0 0 0 0 0 0 0 0 0 0 0 0 0 0 0 0 0 0 0 0 0 0 0 0
 -9999 -9999 -9999 -9999 -9999 -9999 -9999 -9999 -9999 -9999 0 0 -9999 -9999 0 0 0 0 0 0 0 0 0 0 0 0 0 0 0 0 0 0 0 0 0 0
 -9999 -9999 -9999 -9999 -9999 -9999 -9999 -9999 -9999 -9999 0 0 -9999 -9999 -9999 0 0 0 0 0 0 0 0 0 0 0 0 0 0 0 0 0 0 0 0 0
 -9999 -9999 -9999 -9999 -9999 -9999 -9999 -9999 -9999 -9999 -9999 -9999 -9999 -9999 -9999 0 0 0 0 0 0 0 0 0 0 0 0 0 0 0 0 0 0 0 0 0
 -9999 -9999 -9999 -9999 -9999 -9999 -9999 -9999 -9999 -9999 -9999 -9999 -9999 -9999 -9999 0 0 0 0 0 0 0 0 0 0 0 0 0 0 0 0 0 0 0 0 -9999
 -9999 -9999 -9999 -9999 -9999 -9999 -9999 -9999 -9999 -9999 -9999 -9999 -9999 -9999 -9999 -9999 0 0 0 0 0 0 0 0 0 0 0 0 0 0 0 0 0 0 -9999 -9999
 -9999 -9999 -9999 -9999 -9999 -9999 -9999 -9999 -9999 -9999 -9999 -9999 -9999 -9999 -9999 -9999 0 0 0 0 0 0 0 0 0 0 0 0 0 0 0 0 0 0 -9999 -9999
 -9999 -9999 -9999 -9999 -9999 -9999 -9999 -9999 -9999 -9999 -9999 -9999 -9999 -9999 -9999 -9999 0 0 0 0 0 0 0 0 0 0 0 0 0 0 0 0 0 0 -9999 -9999
 -9999 -9999 -9999 -9999 -9999 -9999 -9999 -9999 -9999 -9999 -9999 -9999 -9999 -9999 -9999 -9999 -9999 0 0 0 0 0 0 0 0 0 0 0 0 0 0 0 0 0 0 -9999
 -9999 -9999 -9999 -9999 -9999 -9999 -9999 -9999 -9999 -9999 -9999 -9999 -9999 -9999 -9999 -9999 -9999 -9999 0 0 0 0 0 0 0 0 0 0 0 0 0 0 0 0 -9999 -9999
 -9999 -9999 -9999 -9999 -9999 -9999 -9999 -9999 -9999 -9999 -9999 -9999 -9999 -9999 -9999 -9999 -9999 -9999 -9999 0 0 0 0 0 0 0 0 0 0 0 0 0 0 0 -9999 -9999
 -9999 -9999 -9999 -9999 -9999 -9999 -9999 -9999 -9999 -9999 -9999 -9999 -9999 -9999 -9999 -9999 -9999 -9999 -9999 -9999 0 0 0 0 0 0 0 0 0 0 0 0 0 0 0 -9999
 -9999 -9999 -9999 -9999 -9999 -9999 -9999 -9999 -9999 -9999 -9999 -9999 -9999 -9999 -9999 -9999 -9999 -9999 -9999 -9999 -9999 0 0 0 0 0 0 0 0 0 0 0 0 0 0 0
 -9999 -9999 -9999 -9999 -9999 -9999 -9999 -9999 -9999 -9999 -9999 -9999 -9999 -9999 -9999 -9999 -9999 -9999 -9999 -9999 -9999 0 0 0 0 0 0 0 0 0 0 0 0 0 0 0
 -9999 -9999 -9999 -9999 -9999 -9999 -9999 -9999 -9999 -9999 -9999 -9999 -9999 -9999 -9999 -9999 -9999 -9999 -9999 -9999 -9999 0 0 0 0 0 0 0 0 0 0 0 0 0 0 0
 -9999 -9999 -9999 -9999 -9999 -9999 -9999 -9999 -9999 -9999 -9999 -9999 -9999 -9999 -9999 -9999 -9999 -9999 -9999 -9999 -9999 0 0 0 0 0 0 0 0 0 0 0 0 0 0 0
 -9999 -9999 -9999 -9999 -9999 -9999 -9999 -9999 -9999 -9999 -9999 -9999 -9999 -9999 -9999 -9999 -9999 -9999 -9999 -9999 -9999 0 0 0 0 0 0 0 0 0 0 0 0 0 0 0
 -9999 -9999 -9999 -9999 -9999 -9999 -9999 -9999 -9999 -9999 -9999 -9999 -9999 -9999 -9999 -9999 -9999 -9999 -9999 -9999 -9999 0 0 0 0 0 0 0 0 0 0 0 0 -9999 0 0
 -9999 -9999 -9999 -9999 -9999 -9999 -9999 -9999 -9999 -9999 -9999 -9999 -9999 -9999 -9999 -9999 -9999 -9999 -9999 -9999 -9999 -9999 0 0 0 0 0 0 -9999 -9999 -9999 -9999 -9999 -9999 0 0
 -9999 -9999 -9999 -9999 -9999 -9999 -9999 -9999 -9999 -9999 -9999 -9999 -9999 -9999 -9999 -9999 -9999 -9999 -9999 -9999 -9999 -9999 -9999 0 0 0 0 -9999 -9999 -9999 -9999 -9999 -9999 -9999 -9999 0
