ncols        36
nrows        50
xllcorner    259546.111211111129
yllcorner    77494.200100000002
cellsize 173
NODATA_value  -9999
 549.20001220703125 551.9000244140625 559.5999755859375 559.79998779296875 565.20001220703125 567.5999755859375 559.4000244140625 559.20001220703125 569.79998779296875 579.9000244140625 593.20001220703125 599.5 594.5999755859375 577 546 534.9000244140625 525.0999755859375 536.79998779296875 534 509.600006103515625 470.600006103515625 448.29998779296875 410.399993896484375 411.20001220703125 387.70001220703125 398.20001220703125 413.79998779296875 414.79998779296875 404.899993896484375 374.399993896484375 374.899993896484375 394.70001220703125 406.100006103515625 412.70001220703125 423 422.5
 564.20001220703125 563.5999755859375 564.0999755859375 560.4000244140625 565.4000244140625 566.20001220703125 561.4000244140625 564 573.4000244140625 580.4000244140625 590.79998779296875 597.5999755859375 595.79998779296875 584.4000244140625 548.70001220703125 530.0999755859375 528.20001220703125 532.9000244140625 521.70001220703125 488.5 464.600006103515625 455.79998779296875 451.899993896484375 431.5 390.399993896484375 409.899993896484375 416.79998779296875 410.600006103515625 390.29998779296875 400.600006103515625 402 404.79998779296875 415.399993896484375 425 429.70001220703125 432
 569 569.29998779296875 568.0999755859375 566.5999755859375 567 561.5 556.29998779296875 561.20001220703125 569.79998779296875 578.29998779296875 590.5 598.70001220703125 596.79998779296875 585.5999755859375 547.5999755859375 533.5 532.9000244140625 534.70001220703125 521.5999755859375 488.70001220703125 476.29998779296875 475.399993896484375 466.29998779296875 441.5 394.79998779296875 415.5 414.100006103515625 403.5 394 416 421 404.29998779296875 414 422.70001220703125 424.20001220703125 429.600006103515625
 566.20001220703125 568.79998779296875 567.5999755859375 568 565.79998779296875 549.20001220703125 548.70001220703125 551.4000244140625 563.79998779296875 577.4000244140625 594.0999755859375 601.5 594.0999755859375 580.9000244140625 561.20001220703125 554.29998779296875 542.20001220703125 540.70001220703125 526.5 506 498.5 491.70001220703125 472.79998779296875 444 397.399993896484375 427.79998779296875 423.399993896484375 402 399.899993896484375 421.899993896484375 428.600006103515625 411.5 411.100006103515625 417.600006103515625 422.399993896484375 418.5
 558.0999755859375 563.5999755859375 564.9000244140625 567.5 564.5 547.5 542.29998779296875 549.9000244140625 560.5999755859375 577.70001220703125 592.9000244140625 596.4000244140625 587.70001220703125 574.79998779296875 565.20001220703125 558.20001220703125 540.9000244140625 534.4000244140625 522.0999755859375 511.899993896484375 505.70001220703125 497.100006103515625 474.399993896484375 440.79998779296875 396.20001220703125 432.79998779296875 425.79998779296875 406.399993896484375 407.70001220703125 428.70001220703125 426.70001220703125 410.70001220703125 405.79998779296875 419.20001220703125 418.20001220703125 398.100006103515625
 545.29998779296875 558.9000244140625 564.70001220703125 570.0999755859375 567.0999755859375 546.5 541.79998779296875 545.79998779296875 560.0999755859375 574.4000244140625 589.5 589.79998779296875 574.4000244140625 559.5999755859375 563.5 557 531.20001220703125 516.29998779296875 507.70001220703125 506 506 501 489.70001220703125 476.20001220703125 430.20001220703125 414.20001220703125 429.100006103515625 433.20001220703125 423.70001220703125 434 429.70001220703125 414.20001220703125 400.600006103515625 411.79998779296875 403.600006103515625 383.399993896484375
 542.5999755859375 555.9000244140625 562.5999755859375 574 575.29998779296875 546 541.29998779296875 541.79998779296875 557.5 570.9000244140625 586.79998779296875 587 556.70001220703125 550.0999755859375 558.79998779296875 551.29998779296875 523.29998779296875 499.5 495.600006103515625 494.5 498.399993896484375 498.29998779296875 489.899993896484375 477.20001220703125 431.600006103515625 424.899993896484375 442.70001220703125 440.5 437.29998779296875 440.5 439.70001220703125 419.20001220703125 399.100006103515625 387.100006103515625 379.600006103515625 375.20001220703125
 535.0999755859375 552 565.5 578.5999755859375 580 564.70001220703125 544.5 540.20001220703125 552 564.5999755859375 579.4000244140625 581.20001220703125 565.5999755859375 538.0999755859375 548.4000244140625 542.79998779296875 514.79998779296875 496.899993896484375 492.100006103515625 488.29998779296875 486.600006103515625 487 479.29998779296875 462.899993896484375 427.899993896484375 424.399993896484375 444.79998779296875 450.79998779296875 453.5 461.600006103515625 460.70001220703125 434.399993896484375 395.20001220703125 383 370.5 363.29998779296875
 531.29998779296875 553.5 566.5 581.4000244140625 581.20001220703125 562.9000244140625 545.9000244140625 537.5 546.70001220703125 558 570.4000244140625 574.0999755859375 565.9000244140625 548.29998779296875 535.20001220703125 531.5 507.899993896484375 494.899993896484375 497.29998779296875 491.600006103515625 485.600006103515625 470.70001220703125 459.20001220703125 443.899993896484375 422 432.70001220703125 452.79998779296875 462.29998779296875 467.20001220703125 468.29998779296875 461.600006103515625 429.100006103515625 400.70001220703125 393.70001220703125 377.29998779296875 368.5
 532.5 555.9000244140625 566.70001220703125 574.79998779296875 575.0999755859375 560.9000244140625 543.5 537.29998779296875 542.9000244140625 547.79998779296875 556.70001220703125 560.9000244140625 559.9000244140625 556.79998779296875 519.29998779296875 508.5 483.899993896484375 480 489.79998779296875 494.29998779296875 488.100006103515625 468.70001220703125 438.600006103515625 427.100006103515625 429.29998779296875 447.600006103515625 465.899993896484375 473.20001220703125 470.100006103515625 459.70001220703125 447.600006103515625 428.29998779296875 411.600006103515625 392.100006103515625 374.399993896484375 360.20001220703125
 536.5999755859375 556.9000244140625 565.79998779296875 566.70001220703125 565 552.29998779296875 536.0999755859375 534.0999755859375 541.79998779296875 539 543.5 548.20001220703125 553.70001220703125 557.20001220703125 531.5 493.70001220703125 477.20001220703125 472.79998779296875 475.899993896484375 485.399993896484375 482.79998779296875 465.899993896484375 443.70001220703125 428.100006103515625 437.399993896484375 460.79998779296875 475.79998779296875 472.5 465.29998779296875 445.70001220703125 431.600006103515625 417.100006103515625 407.79998779296875 393.20001220703125 389.399993896484375 374.29998779296875
 532.9000244140625 554.5 561 553.0999755859375 544.20001220703125 534.0999755859375 529.4000244140625 532.79998779296875 538.9000244140625 530.9000244140625 526.70001220703125 528.20001220703125 542.4000244140625 551.9000244140625 536 493.600006103515625 486.899993896484375 483 470.100006103515625 465 462 456.20001220703125 437.5 438.399993896484375 454.899993896484375 473.79998779296875 485.5 473.29998779296875 457.5 433 416.5 396.29998779296875 391.600006103515625 395.79998779296875 391.70001220703125 370.600006103515625
 532.20001220703125 551.5 559.20001220703125 545.4000244140625 536.4000244140625 529.20001220703125 526.0999755859375 532.5 535.70001220703125 526.20001220703125 518.4000244140625 519.9000244140625 534.29998779296875 548.5 542.20001220703125 510.600006103515625 491.5 491.70001220703125 482.70001220703125 470.20001220703125 448.600006103515625 452 456.70001220703125 448 461.5 477.70001220703125 489.70001220703125 478 455.79998779296875 417 407.399993896484375 389.20001220703125 381.20001220703125 379.20001220703125 377.20001220703125 360.20001220703125
 535 555.79998779296875 561.29998779296875 547.5999755859375 535.9000244140625 531.29998779296875 526.9000244140625 528.29998779296875 535.0999755859375 534.5 520.5999755859375 514.4000244140625 527.29998779296875 542.4000244140625 537.9000244140625 506.600006103515625 487.399993896484375 487.100006103515625 482.899993896484375 465.29998779296875 462.70001220703125 471 471.79998779296875 455.399993896484375 463.70001220703125 477.79998779296875 490 476.5 450.899993896484375 411.600006103515625 396.29998779296875 391.20001220703125 399 375.70001220703125 355.20001220703125 346.5
 553 560.0999755859375 561.4000244140625 553.5 548 539.20001220703125 529.20001220703125 524.20001220703125 531.5 537.4000244140625 525.70001220703125 513 514.5999755859375 527.9000244140625 525.29998779296875 505.29998779296875 481.20001220703125 475.20001220703125 466.399993896484375 479.20001220703125 490.100006103515625 494.70001220703125 483.79998779296875 463.600006103515625 463.899993896484375 479.5 488.899993896484375 472.20001220703125 445.70001220703125 403.399993896484375 392.70001220703125 405.70001220703125 404.20001220703125 376.79998779296875 393.5 353.5
 561.29998779296875 566.29998779296875 556.5999755859375 549.29998779296875 549.9000244140625 542.0999755859375 531 522.9000244140625 528.0999755859375 535.79998779296875 522.79998779296875 513.5 507.899993896484375 509.70001220703125 511.100006103515625 496.899993896484375 478.29998779296875 476.70001220703125 484.5 495.70001220703125 513 514 487.20001220703125 466.5 473.29998779296875 481.600006103515625 481.899993896484375 470.20001220703125 449.100006103515625 400.20001220703125 398.20001220703125 409.20001220703125 393 407.70001220703125 406.20001220703125 362.100006103515625
 571.5 580.20001220703125 566.29998779296875 540.20001220703125 542.0999755859375 539.29998779296875 534.5999755859375 523.5 527 532.9000244140625 519.20001220703125 512.70001220703125 511.29998779296875 507.899993896484375 496.5 500.79998779296875 495.399993896484375 490.70001220703125 499.899993896484375 510.100006103515625 527.0999755859375 526.5 504.70001220703125 484.600006103515625 476.100006103515625 473.399993896484375 471.29998779296875 458.5 435.20001220703125 406 414.70001220703125 430.100006103515625 419.899993896484375 424.899993896484375 418.29998779296875 377.899993896484375
 582 592.79998779296875 581.29998779296875 548 537.20001220703125 534.4000244140625 532.4000244140625 525.20001220703125 520.79998779296875 526 520.29998779296875 517 520.29998779296875 523.29998779296875 509.600006103515625 511.899993896484375 497.70001220703125 495.5 512.70001220703125 518.5 531 525.20001220703125 508.399993896484375 490.20001220703125 473.29998779296875 468.5 459.600006103515625 441.5 416.79998779296875 426.600006103515625 427.399993896484375 451.100006103515625 453.899993896484375 437.600006103515625 421.20001220703125 382.100006103515625
 597.79998779296875 598.70001220703125 589.29998779296875 573.5 561.70001220703125 529.9000244140625 525.9000244140625 527.9000244140625 519.79998779296875 521.20001220703125 525.9000244140625 523.70001220703125 529.9000244140625 532.0999755859375 525.5 519.29998779296875 501.20001220703125 506.600006103515625 523.20001220703125 524.70001220703125 515.0999755859375 510.399993896484375 499.79998779296875 485.29998779296875 463.29998779296875 457.100006103515625 447.899993896484375 441 449.20001220703125 450.399993896484375 448.20001220703125 473.899993896484375 471.100006103515625 439.399993896484375 412.399993896484375 390
 600.29998779296875 596.0999755859375 587 571.5 562.70001220703125 535.5999755859375 516.4000244140625 520.5 518.4000244140625 518.5999755859375 526.20001220703125 525.70001220703125 529.9000244140625 535.9000244140625 529.4000244140625 520.4000244140625 506.100006103515625 510.5 523.4000244140625 520.5 502.100006103515625 492.79998779296875 486.79998779296875 477.899993896484375 457.79998779296875 457.29998779296875 462.20001220703125 460.70001220703125 461.79998779296875 465.20001220703125 467.399993896484375 480.70001220703125 479 453.79998779296875 416 391.70001220703125
 587.9000244140625 583.70001220703125 573.29998779296875 558.29998779296875 553.5999755859375 546.0999755859375 524.0999755859375 511 510.70001220703125 516 524.9000244140625 521.0999755859375 526.29998779296875 535.70001220703125 535.0999755859375 520.5 509.600006103515625 513.5999755859375 523.29998779296875 517.70001220703125 483.399993896484375 464.600006103515625 467.600006103515625 456.79998779296875 440.100006103515625 451.600006103515625 466.100006103515625 475 477.79998779296875 487.79998779296875 487 488.70001220703125 490.79998779296875 468.79998779296875 431.899993896484375 393.300018310546875
 577 571.4000244140625 563.5 544.4000244140625 544.5 539.29998779296875 527.70001220703125 504.600006103515625 508 512.9000244140625 518.5999755859375 514.5999755859375 516.9000244140625 527.29998779296875 531.70001220703125 519.29998779296875 513.29998779296875 516 522.0999755859375 515.79998779296875 470.899993896484375 448.79998779296875 449 440.100006103515625 438.29998779296875 448.5 469.399993896484375 482.20001220703125 488.5 499.70001220703125 496.899993896484375 499.79998779296875 494.899993896484375 477 446.5 397.399993896484375
 566 556.29998779296875 544.79998779296875 536.79998779296875 535.70001220703125 530.9000244140625 524.5 504.29998779296875 499.899993896484375 504.79998779296875 500.600006103515625 497.600006103515625 501.600006103515625 509.399993896484375 521.70001220703125 520.4000244140625 518.20001220703125 517.20001220703125 519.5999755859375 516.20001220703125 493.399993896484375 448.399993896484375 420.70001220703125 414.5 423.899993896484375 445.600006103515625 475.79998779296875 494.100006103515625 503.399993896484375 505.20001220703125 502.600006103515625 499 487.20001220703125 462.70001220703125 444.20001220703125 408.5
 563.29998779296875 555.0999755859375 543.70001220703125 538 535.4000244140625 529.9000244140625 525.9000244140625 513.70001220703125 503 501.899993896484375 493.5 491.600006103515625 492.79998779296875 503.29998779296875 516.9000244140625 517.29998779296875 515.9000244140625 512.0999755859375 517.29998779296875 520.29998779296875 512.4000244140625 470.70001220703125 430.5 415.600006103515625 413.79998779296875 445.20001220703125 476.5 494 501.79998779296875 496.600006103515625 484.399993896484375 482.5 472.100006103515625 456 447.20001220703125 419.20001220703125
 561.20001220703125 555.5 549.5 543.5 539.70001220703125 540.29998779296875 540 531.5 520.5999755859375 509.600006103515625 497.20001220703125 497.399993896484375 490.10015869140625 502.399993896484375 511.899993896484375 513.70001220703125 514.5 509.399993896484375 503.899993896484375 509 511.79998779296875 497.29998779296875 453 413.600006103515625 412 440.600006103515625 467 484.399993896484375 490.29998779296875 469.399993896484375 454.70001220703125 460.600006103515625 461.100006103515625 446.20001220703125 438.399993896484375 431
 558.4000244140625 551.70001220703125 541.70001220703125 536.5999755859375 537 538.29998779296875 540.9000244140625 535 526.4000244140625 512.9000244140625 504.79998779296875 494.399993896484375 497.899993896484375 490.000152587890625 504.600006103515625 510.29998779296875 513.4000244140625 514.5999755859375 498.600006103515625 488.79998779296875 493.5 484.29998779296875 449.5 407.600006103515625 414.29998779296875 437.29998779296875 455.600006103515625 471.399993896484375 473.5 450.29998779296875 432.5 445.600006103515625 449.100006103515625 445.100006103515625 437.399993896484375 442.600006103515625
 557.0999755859375 555.29998779296875 552.4000244140625 536.5 529.4000244140625 530.4000244140625 530.5999755859375 524.5 518.5999755859375 514 501 508.899993896484375 512.0999755859375 506.5 489.70001220703125 502.29998779296875 507.5 511.100006103515625 494.399993896484375 466.70001220703125 464 459.20001220703125 418.79998779296875 394.79998779296875 405.100006103515625 424 441 456.29998779296875 458.29998779296875 428.5 412.20001220703125 422.29998779296875 427.399993896484375 438.70001220703125 448.600006103515625 446.899993896484375
 555.5 558 555.79998779296875 544.4000244140625 530.9000244140625 518.0999755859375 516.5 515.29998779296875 514.5999755859375 512.9000244140625 505.5 516.4000244140625 521.9000244140625 515.5 482.600006103515625 485.79998779296875 492.399993896484375 498.70001220703125 490.70001220703125 472.5 442.100006103515625 432.600006103515625 407.600006103515625 403.100006103515625 404 419.399993896484375 433.70001220703125 450.600006103515625 459.600006103515625 440.29998779296875 399.20001220703125 406.899993896484375 413.20001220703125 434 444.899993896484375 438.399993896484375
 551.29998779296875 557 555.70001220703125 541 523.4000244140625 520.29998779296875 514.5999755859375 512 513.0999755859375 513.70001220703125 512.20001220703125 520.4000244140625 526 511.899993896484375 506.399993896484375 499.399993896484375 482.79998779296875 474.20001220703125 483 472.29998779296875 446.29998779296875 418.399993896484375 426 421.20001220703125 389.600006103515625 412.399993896484375 413.100006103515625 434.899993896484375 452.29998779296875 446.100006103515625 399.899993896484375 398.79998779296875 402.70001220703125 424.20001220703125 435 433.29998779296875
 552.70001220703125 555.0999755859375 550.79998779296875 538.20001220703125 517.20001220703125 515 511.70001220703125 505.399993896484375 513.5 515.0999755859375 514.5999755859375 521.70001220703125 529.5 523.4000244140625 516.5 510.899993896484375 486.100006103515625 480.100006103515625 457.800079345703125 454.399993896484375 440.5 432 434.600006103515625 428.399993896484375 388.20001220703125 405.79998779296875 395.20001220703125 413.100006103515625 433.100006103515625 438.5 398.20001220703125 388.20001220703125 392 418 429.5 431
 560 547.70001220703125 529.70001220703125 517.79998779296875 507 503.399993896484375 499.899993896484375 514.5 518.5999755859375 518.70001220703125 520.70001220703125 524.4000244140625 527 522.5999755859375 516.29998779296875 510.100006103515625 494.5 486.20001220703125 488.399993896484375 492.20001220703125 477.899993896484375 463.100006103515625 443.899993896484375 426.600006103515625 389.20001220703125 405.79998779296875 386.399993896484375 391.79998779296875 404.70001220703125 411.5 385.600006103515625 371.5 382.70001220703125 411.100006103515625 427.20001220703125 431.20001220703125
 563.0999755859375 552.70001220703125 530.9000244140625 520.29998779296875 509.79998779296875 503.600006103515625 498.29998779296875 515.5 524.9000244140625 529 529.9000244140625 523.0999755859375 520.0999755859375 515.70001220703125 508.600006103515625 506.20001220703125 504.20001220703125 496.5 485.600006103515625 491 486.399993896484375 478.399993896484375 452.899993896484375 418.20001220703125 395.100006103515625 406 387.20001220703125 370.399993896484375 386.20001220703125 398.79998779296875 377.70001220703125 372.100006103515625 389.600006103515625 418 433.70001220703125 435.600006103515625
 556.20001220703125 546.0999755859375 528.5 523.0999755859375 516.5 519.70001220703125 503.79998779296875 510.399993896484375 525.70001220703125 536.5999755859375 535.9000244140625 520.5999755859375 502.5 503.100006103515625 502.100006103515625 498.20001220703125 502.100006103515625 497.100006103515625 476.29998779296875 469.399993896484375 467.399993896484375 469.399993896484375 453.600006103515625 401.399993896484375 385.20001220703125 400 382.29998779296875 370 370.70001220703125 378.600006103515625 362.70001220703125 379.5 400.70001220703125 429.70001220703125 445 447.20001220703125
 549.4000244140625 543.20001220703125 527.7999267578125 524.29998779296875 525.5999755859375 529.5999755859375 511.899993896484375 498 514.70001220703125 525.20001220703125 524.20001220703125 512.29998779296875 492.600006103515625 493.79998779296875 502.70001220703125 501 491.399993896484375 488 470 453.899993896484375 447.899993896484375 449.70001220703125 437.70001220703125 412.399993896484375 373.79998779296875 400.20001220703125 389.29998779296875 377.100006103515625 362.20001220703125 356.399993896484375 356.399993896484375 382 409.100006103515625 433.29998779296875 440.79998779296875 441.100006103515625
 542.4000244140625 535.9000244140625 528.4000244140625 528.0999755859375 532.79998779296875 537.20001220703125 524.0999755859375 482.20001220703125 495.29998779296875 503.20001220703125 500.79998779296875 492.5 483.600006103515625 487.79998779296875 506.899993896484375 511.29998779296875 483.600006103515625 468.100006103515625 452.29998779296875 431.29998779296875 422.5 421.899993896484375 413.20001220703125 397.79998779296875 359.79998779296875 400.29998779296875 394.20001220703125 378.79998779296875 356.79998779296875 350.5 355.5 385.100006103515625 406.899993896484375 418.70001220703125 417.70001220703125 414.5
 543 535.5999755859375 534.20001220703125 531.2999267578125 538.0999755859375 540.79998779296875 525.5 485.600006103515625 480.79998779296875 485 484.399993896484375 483.600006103515625 477.79998779296875 484.29998779296875 500.100006103515625 508 476.79998779296875 446.100006103515625 435 414.399993896484375 405.29998779296875 404.29998779296875 395.600006103515625 376.79998779296875 355.79998779296875 381.600006103515625 382.79998779296875 372 355.79998779296875 348 352.899993896484375 377 394.399993896484375 403.29998779296875 396.399993896484375 392.29998779296875
 545.0999755859375 535 529.9000244140625 526.5999755859375 532.5999755859375 534.9000244140625 521.5 493.79998779296875 470 468.600006103515625 470.20001220703125 476.5 476.5 474 479.600006103515625 481.79998779296875 466.79998779296875 437.600006103515625 427.79998779296875 420.600006103515625 394.79998779296875 386.100006103515625 376.29998779296875 370.20001220703125 366.79998779296875 347.600006103515625 368.899993896484375 362.29998779296875 350.70001220703125 345.5 349.20001220703125 365.20001220703125 374.899993896484375 378.20001220703125 372.100006103515625 371.399993896484375
 542.70001220703125 527.0999755859375 519.29998779296875 510.600006103515625 523.9000244140625 529.4000244140625 521.4000244140625 496.399993896484375 474.70001220703125 465.20001220703125 467.29998779296875 476.20001220703125 486.100006103515625 483.100006103515625 445.899993896484375 465.70001220703125 457 437.100006103515625 424.600006103515625 423.100006103515625 415.100006103515625 395.5 388.20001220703125 380.79998779296875 375.100006103515625 356.399993896484375 354.20001220703125 351.899993896484375 347.70001220703125 346.899993896484375 347.899993896484375 357.79998779296875 360.20001220703125 363.70001220703125 364.100006103515625 360.600006103515625
 541.4000244140625 514.79998779296875 507.899993896484375 498.899993896484375 514.20001220703125 523.5999755859375 517.29998779296875 502.29998779296875 483.600006103515625 463.100006103515625 468.79998779296875 483.20001220703125 495.79998779296875 488.79998779296875 433.399993896484375 451 442.79998779296875 426.79998779296875 422.79998779296875 422 414.600006103515625 397.20001220703125 399.29998779296875 395.5 384.79998779296875 369.600006103515625 340 340.399993896484375 342 343.29998779296875 342.600006103515625 351.600006103515625 354.20001220703125 357.20001220703125 358.79998779296875 349.5
 530.70001220703125 506.600006103515625 489.70001220703125 485.70001220703125 502.899993896484375 514.4000244140625 511.29998779296875 498.600006103515625 467.70001220703125 461 476.5 488 502.70001220703125 497.5 452 418.700103759765625 435.600006103515625 426.600006103515625 420.20001220703125 419.5 424.70001220703125 421.20001220703125 400.899993896484375 385.600006103515625 378.100006103515625 372.5 350.79998779296875 335.5 338.600006103515625 336.100006103515625 339.5 349.29998779296875 359.399993896484375 364.100006103515625 355.899993896484375 341.5
 527.29998779296875 509.899993896484375 485.100006103515625 477.79998779296875 494 509.600006103515625 509 486.899993896484375 460.2000732421875 472.100006103515625 488.20001220703125 494.100006103515625 505.70001220703125 504.20001220703125 469.100006103515625 423.70001220703125 434.79998779296875 429.70001220703125 419.399993896484375 420 426.399993896484375 424.5 396.100006103515625 379.399993896484375 369.79998779296875 359.20001220703125 344.5 335.79998779296875 334.399993896484375 334.29998779296875 341.79998779296875 352.100006103515625 363.20001220703125 370.100006103515625 362 341.5
 526 522.0999755859375 509.70001220703125 471.5 482.399993896484375 502.79998779296875 500 464.70001220703125 460.70001220703125 478.100006103515625 502.70001220703125 505.20001220703125 513.9000244140625 508.70001220703125 477.5 429.70001220703125 415.20001220703125 419.70001220703125 414.5 424.100006103515625 433.20001220703125 431.29998779296875 417.29998779296875 394.20001220703125 372.5 350.79998779296875 340.600006103515625 339.20001220703125 340.79998779296875 331.600006103515625 330.20001220703125 351.100006103515625 355.79998779296875 363.70001220703125 364.70001220703125 355.899993896484375
 522.0999755859375 521.70001220703125 515.5999755859375 480 466.79998779296875 485 482.70001220703125 458.79998779296875 460 478.100006103515625 503.399993896484375 510.399993896484375 517.4000244140625 512.29998779296875 473 439.20001220703125 407.79998779296875 411 410 423.899993896484375 430.29998779296875 425.899993896484375 414.100006103515625 394.29998779296875 368.100006103515625 348 341.600006103515625 345.600006103515625 351.20001220703125 354.899993896484375 352.600006103515625 327.29998779296875 340.20001220703125 352.79998779296875 356.600006103515625 358.100006103515625
 514.9000244140625 517.29998779296875 511.5 493 458.29998779296875 451 452.70001220703125 445 456.20001220703125 473.29998779296875 495.20001220703125 503.100006103515625 505.5 499.600006103515625 465.70001220703125 423.100006103515625 399.600006103515625 395 400.100006103515625 412.399993896484375 422.29998779296875 414.100006103515625 403.899993896484375 390.20001220703125 353.79998779296875 346.20001220703125 353.399993896484375 363.20001220703125 367.79998779296875 368.20001220703125 367.70001220703125 345.20001220703125 321.300048828125 341.899993896484375 338.79998779296875 344.100006103515625
 506.29998779296875 512.0999755859375 504.20001220703125 489.29998779296875 470.20001220703125 431.100006103515625 436.899993896484375 449.79998779296875 455.70001220703125 469.29998779296875 486.399993896484375 492.5 489.70001220703125 485.5 462.20001220703125 425.399993896484375 399.70001220703125 393.70001220703125 394.399993896484375 403.600006103515625 417 406.79998779296875 392.20001220703125 377.29998779296875 350.70001220703125 359.5 370.20001220703125 375.20001220703125 384.70001220703125 381.79998779296875 370.899993896484375 348.20001220703125 344.29998779296875 321.600006103515625 326 337.899993896484375
 482.5 500.600006103515625 492.600006103515625 478.29998779296875 446.600006103515625 427.600006103515625 435 439.70001220703125 445.5 462.899993896484375 483.600006103515625 482.100006103515625 468.100006103515625 469.20001220703125 461 442.600006103515625 412.600006103515625 390.79998779296875 390.29998779296875 401.29998779296875 412.29998779296875 406.100006103515625 378.399993896484375 358.899993896484375 367.100006103515625 381.899993896484375 393.5 394.29998779296875 397.100006103515625 394.100006103515625 378.600006103515625 362.100006103515625 368 358.399993896484375 328.899993896484375 341.600006103515625
 468.79998779296875 477 479.399993896484375 480.20001220703125 464.70001220703125 438 417.29998779296875 420.20001220703125 436.5 455.600006103515625 484.79998779296875 475.100006103515625 453 449 446.29998779296875 432.29998779296875 404.20001220703125 386.29998779296875 391.399993896484375 399.5 403.100006103515625 393.100006103515625 366.79998779296875 361.899993896484375 374.70001220703125 389.899993896484375 405.5 409.399993896484375 408.79998779296875 396 376.600006103515625 367.600006103515625 373.100006103515625 364.20001220703125 316.10003662109375 337.899993896484375
 455.20001220703125 462.79998779296875 472.70001220703125 487.399993896484375 494 463 439.899993896484375 402.5 423.100006103515625 446.399993896484375 470.399993896484375 469.79998779296875 433.100006103515625 421.5 413.899993896484375 405.100006103515625 387.79998779296875 375.90008544921875 389.399993896484375 388 381.29998779296875 374.70001220703125 367.399993896484375 367.100006103515625 384.100006103515625 401.20001220703125 416.20001220703125 415.899993896484375 411.5 398.20001220703125 379.70001220703125 368.399993896484375 365.79998779296875 358.899993896484375 331.899993896484375 321.600006103515625
 444.20001220703125 460 470 485.5 493.29998779296875 470.100006103515625 429.70001220703125 402.5 413.5 443.29998779296875 469.100006103515625 467.899993896484375 418.399993896484375 407.20001220703125 397.70001220703125 393.100006103515625 382.5 371.20001220703125 384.70001220703125 384.20001220703125 371.600006103515625 371.100006103515625 370 372 386.899993896484375 404.5 419.600006103515625 418.29998779296875 408.600006103515625 389.20001220703125 375 354.20001220703125 346.399993896484375 346.20001220703125 326 313.899993896484375
 441 461.600006103515625 477.70001220703125 492.100006103515625 498.79998779296875 484.899993896484375 459.20001220703125 409.600006103515625 398.600006103515625 434.70001220703125 465.899993896484375 460.20001220703125 429.600006103515625 410.79998779296875 395.70001220703125 386.20001220703125 375.899993896484375 370.100006103515625 376.20001220703125 374.29998779296875 364.899993896484375 366.600006103515625 382.399993896484375 384.100006103515625 387.100006103515625 398.600006103515625 411.600006103515625 413.29998779296875 409.5 402.29998779296875 388.5 358.600006103515625 339.399993896484375 322.70001220703125 313.70001220703125 310.600006103515625
