0.820000000000000
0.820000000000000
0.820000000000000
0.740000000000000
0.740000000000000
0.740000000000000
0.740000000000000
0.740000000000000
0.740000000000000
0.740000000000000
0.740000000000000
0.740000000000000
0.740000000000000
0.740000000000000
0.740000000000000
0.740000000000000
0.740000000000000
0.740000000000000
0.740000000000000
0.740000000000000
0.740000000000000
0.740000000000000
0.740000000000000
0.740000000000000
0.740000000000000
0.740000000000000
0.740000000000000
0.690000000000000
0.690000000000000
0.690000000000000
0.690000000000000
0.690000000000000
0.690000000000000
0.690000000000000
0.690000000000000
0.690000000000000
0.690000000000000
0.690000000000000
0.690000000000000
0.690000000000000
0.690000000000000
0.690000000000000
0.690000000000000
0.690000000000000
0.690000000000000
0.690000000000000
0.690000000000000
0.690000000000000
0.690000000000000
0.690000000000000
0.690000000000000
0.630000000000000
0.630000000000000
0.630000000000000
0.630000000000000
0.630000000000000
0.630000000000000
0.630000000000000
0.630000000000000
0.630000000000000
0.630000000000000
0.630000000000000
0.630000000000000
0.630000000000000
0.630000000000000
0.630000000000000
0.630000000000000
0.630000000000000
0.630000000000000
0.630000000000000
0.630000000000000
0.630000000000000
0.630000000000000
0.630000000000000
0.630000000000000
0.630000000000000
0.630000000000000
0.630000000000000
0.630000000000000
0.630000000000000
0.630000000000000
0.630000000000000
0.630000000000000
0.630000000000000
0.630000000000000
0.630000000000000
0.630000000000000
0.630000000000000
0.630000000000000
0.630000000000000
0.630000000000000
0.630000000000000
0.630000000000000
0.630000000000000
0.630000000000000
0.630000000000000
0.630000000000000
0.630000000000000
0.630000000000000
0.610000000000000
0.610000000000000
0.610000000000000
0.610000000000000
0.610000000000000
0.610000000000000
0.610000000000000
0.610000000000000
0.610000000000000
0.610000000000000
0.610000000000000
0.610000000000000
0.610000000000000
0.610000000000000
0.610000000000000
0.610000000000000
0.610000000000000
0.610000000000000
0.610000000000000
0.610000000000000
0.610000000000000
0.610000000000000
0.610000000000000
0.610000000000000
0.580000000000000
0.580000000000000
0.580000000000000
0.580000000000000
0.580000000000000
0.580000000000000
0.580000000000000
0.580000000000000
0.580000000000000
0.580000000000000
0.580000000000000
0.580000000000000
0.580000000000000
0.580000000000000
0.580000000000000
0.580000000000000
0.580000000000000
0.580000000000000
0.580000000000000
0.580000000000000
0.580000000000000
0.580000000000000
0.580000000000000
0.580000000000000
0.560000000000000
0.560000000000000
0.560000000000000
0.560000000000000
0.560000000000000
0.560000000000000
0.560000000000000
0.560000000000000
0.560000000000000
0.560000000000000
0.560000000000000
0.560000000000000
0.560000000000000
0.560000000000000
0.560000000000000
0.560000000000000
0.560000000000000
0.560000000000000
0.560000000000000
0.560000000000000
0.560000000000000
0.560000000000000
0.560000000000000
0.560000000000000
0.540000000000000
0.540000000000000
0.540000000000000
0.540000000000000
0.540000000000000
0.540000000000000
0.540000000000000
0.540000000000000
0.540000000000000
0.540000000000000
0.540000000000000
0.540000000000000
0.540000000000000
0.540000000000000
0.540000000000000
0.540000000000000
0.540000000000000
0.540000000000000
0.540000000000000
0.540000000000000
0.540000000000000
0.540000000000000
0.540000000000000
0.540000000000000
0.530000000000000
0.530000000000000
0.530000000000000
0.530000000000000
0.530000000000000
0.530000000000000
0.530000000000000
0.530000000000000
0.530000000000000
0.530000000000000
0.530000000000000
0.530000000000000
0.530000000000000
0.530000000000000
0.530000000000000
0.530000000000000
0.530000000000000
0.530000000000000
0.530000000000000
0.530000000000000
0.530000000000000
0.530000000000000
0.530000000000000
0.530000000000000
0.520000000000000
0.520000000000000
0.520000000000000
0.520000000000000
0.520000000000000
0.520000000000000
0.520000000000000
0.520000000000000
0.520000000000000
0.520000000000000
0.520000000000000
0.520000000000000
0.520000000000000
0.520000000000000
0.520000000000000
0.520000000000000
0.520000000000000
0.520000000000000
0.520000000000000
0.520000000000000
0.520000000000000
0.520000000000000
0.520000000000000
0.520000000000000
0.530000000000000
0.530000000000000
0.530000000000000
0.530000000000000
0.530000000000000
0.530000000000000
0.530000000000000
0.530000000000000
0.530000000000000
0.530000000000000
0.530000000000000
0.530000000000000
0.530000000000000
0.530000000000000
0.530000000000000
0.530000000000000
0.530000000000000
0.530000000000000
0.530000000000000
0.530000000000000
0.530000000000000
0.530000000000000
0.530000000000000
0.530000000000000
0.570000000000000
0.570000000000000
0.570000000000000
0.570000000000000
0.570000000000000
0.570000000000000
0.570000000000000
0.570000000000000
0.570000000000000
0.570000000000000
0.570000000000000
0.570000000000000
0.570000000000000
0.570000000000000
0.570000000000000
0.570000000000000
0.570000000000000
0.570000000000000
0.570000000000000
0.570000000000000
0.570000000000000
0.570000000000000
0.570000000000000
0.570000000000000
0.530000000000000
0.530000000000000
0.530000000000000
0.530000000000000
0.530000000000000
0.530000000000000
0.530000000000000
0.530000000000000
0.530000000000000
0.530000000000000
0.530000000000000
0.530000000000000
0.530000000000000
0.530000000000000
0.530000000000000
0.530000000000000
0.530000000000000
0.530000000000000
0.530000000000000
0.530000000000000
0.530000000000000
0.530000000000000
0.530000000000000
0.530000000000000
10.2000000000000
10.2000000000000
10.2000000000000
10.2000000000000
10.2000000000000
10.2000000000000
10.2000000000000
10.2000000000000
10.2000000000000
10.2000000000000
10.2000000000000
10.2000000000000
10.2000000000000
10.2000000000000
10.2000000000000
10.2000000000000
10.2000000000000
10.2000000000000
10.2000000000000
10.2000000000000
10.2000000000000
10.2000000000000
10.2000000000000
10.2000000000000
6.10000000000000
6.10000000000000
6.10000000000000
6.10000000000000
6.10000000000000
6.10000000000000
6.10000000000000
6.10000000000000
6.10000000000000
6.10000000000000
6.10000000000000
6.10000000000000
6.10000000000000
6.10000000000000
6.10000000000000
6.10000000000000
6.10000000000000
6.10000000000000
6.10000000000000
6.10000000000000
6.10000000000000
6.10000000000000
6.10000000000000
6.10000000000000
1.38000000000000
1.38000000000000
1.38000000000000
1.38000000000000
1.38000000000000
1.38000000000000
1.38000000000000
1.38000000000000
1.38000000000000
1.38000000000000
1.38000000000000
1.38000000000000
1.38000000000000
1.38000000000000
1.38000000000000
1.38000000000000
1.38000000000000
1.38000000000000
1.38000000000000
1.38000000000000
1.38000000000000
1.38000000000000
1.38000000000000
1.38000000000000
0.920000000000000
0.920000000000000
0.920000000000000
0.920000000000000
0.920000000000000
0.920000000000000
0.920000000000000
0.920000000000000
0.920000000000000
0.920000000000000
0.920000000000000
0.920000000000000
0.920000000000000
0.920000000000000
0.920000000000000
0.920000000000000
0.920000000000000
0.920000000000000
0.920000000000000
0.920000000000000
0.920000000000000
0.920000000000000
0.920000000000000
0.920000000000000
1.33000000000000
1.33000000000000
1.33000000000000
1.33000000000000
1.33000000000000
1.33000000000000
1.33000000000000
1.33000000000000
1.33000000000000
1.33000000000000
1.33000000000000
1.33000000000000
1.33000000000000
1.33000000000000
1.33000000000000
1.33000000000000
1.33000000000000
1.33000000000000
1.33000000000000
1.33000000000000
1.33000000000000
1.33000000000000
1.33000000000000
1.33000000000000
2.04000000000000
2.04000000000000
2.04000000000000
2.04000000000000
2.04000000000000
2.04000000000000
2.04000000000000
2.04000000000000
2.04000000000000
2.04000000000000
2.04000000000000
2.04000000000000
2.04000000000000
2.04000000000000
2.04000000000000
2.04000000000000
2.04000000000000
2.04000000000000
2.04000000000000
2.04000000000000
2.04000000000000
2.04000000000000
2.04000000000000
2.04000000000000
3.44000000000000
3.44000000000000
3.44000000000000
3.44000000000000
3.44000000000000
3.44000000000000
3.44000000000000
3.44000000000000
3.44000000000000
3.44000000000000
3.44000000000000
3.44000000000000
3.44000000000000
3.44000000000000
3.44000000000000
3.44000000000000
3.44000000000000
3.44000000000000
3.44000000000000
3.44000000000000
3.44000000000000
3.44000000000000
3.44000000000000
3.44000000000000
2.63000000000000
2.63000000000000
2.63000000000000
2.63000000000000
2.63000000000000
2.63000000000000
2.63000000000000
2.63000000000000
2.63000000000000
2.63000000000000
2.63000000000000
2.63000000000000
2.63000000000000
2.63000000000000
2.63000000000000
2.63000000000000
2.63000000000000
2.63000000000000
2.63000000000000
2.63000000000000
2.63000000000000
2.63000000000000
2.63000000000000
2.63000000000000
1.04000000000000
1.04000000000000
1.04000000000000
1.04000000000000
1.04000000000000
1.04000000000000
1.04000000000000
1.04000000000000
1.04000000000000
1.04000000000000
1.04000000000000
1.04000000000000
1.04000000000000
1.04000000000000
1.04000000000000
1.04000000000000
1.04000000000000
1.04000000000000
1.04000000000000
1.04000000000000
1.04000000000000
1.04000000000000
1.04000000000000
1.04000000000000
0.860000000000000
0.860000000000000
0.860000000000000
0.860000000000000
0.860000000000000
0.860000000000000
0.860000000000000
0.860000000000000
0.860000000000000
0.860000000000000
0.860000000000000
0.860000000000000
0.860000000000000
0.860000000000000
0.860000000000000
0.860000000000000
0.860000000000000
0.860000000000000
0.860000000000000
0.860000000000000
0.860000000000000
0.860000000000000
0.860000000000000
0.860000000000000
0.780000000000000
0.780000000000000
0.780000000000000
0.780000000000000
0.780000000000000
0.780000000000000
0.780000000000000
0.780000000000000
0.780000000000000
0.780000000000000
0.780000000000000
0.780000000000000
0.780000000000000
0.780000000000000
0.780000000000000
0.780000000000000
0.780000000000000
0.780000000000000
0.780000000000000
0.780000000000000
0.780000000000000
0.780000000000000
0.780000000000000
0.780000000000000
0.720000000000000
0.720000000000000
0.720000000000000
0.720000000000000
0.720000000000000
0.720000000000000
0.720000000000000
0.720000000000000
0.720000000000000
0.720000000000000
0.720000000000000
0.720000000000000
0.720000000000000
0.720000000000000
0.720000000000000
0.720000000000000
0.720000000000000
0.720000000000000
0.720000000000000
0.720000000000000
0.720000000000000
0.720000000000000
0.720000000000000
0.720000000000000
0.750000000000000
0.750000000000000
0.750000000000000
0.750000000000000
0.750000000000000
0.750000000000000
0.750000000000000
0.750000000000000
0.750000000000000
0.750000000000000
0.750000000000000
0.750000000000000
0.750000000000000
0.750000000000000
0.750000000000000
0.750000000000000
0.750000000000000
0.750000000000000
0.750000000000000
0.750000000000000
0.750000000000000
0.750000000000000
0.750000000000000
0.750000000000000
1.01000000000000
1.01000000000000
1.01000000000000
1.01000000000000
1.01000000000000
1.01000000000000
1.01000000000000
1.01000000000000
1.01000000000000
1.01000000000000
1.01000000000000
1.01000000000000
1.01000000000000
1.01000000000000
1.01000000000000
1.01000000000000
1.01000000000000
1.01000000000000
1.01000000000000
1.01000000000000
1.01000000000000
1.01000000000000
1.01000000000000
1.01000000000000
1.89000000000000
1.89000000000000
1.89000000000000
1.89000000000000
1.89000000000000
1.89000000000000
1.89000000000000
1.89000000000000
1.89000000000000
1.89000000000000
1.89000000000000
1.89000000000000
1.89000000000000
1.89000000000000
1.89000000000000
1.89000000000000
1.89000000000000
1.89000000000000
1.89000000000000
1.89000000000000
1.89000000000000
1.89000000000000
1.89000000000000
1.89000000000000
0.810000000000000
0.810000000000000
0.810000000000000
0.810000000000000
0.810000000000000
0.810000000000000
0.810000000000000
0.810000000000000
0.810000000000000
0.810000000000000
0.810000000000000
0.810000000000000
0.810000000000000
0.810000000000000
0.810000000000000
0.810000000000000
0.810000000000000
0.810000000000000
0.810000000000000
0.810000000000000
0.810000000000000
0.810000000000000
0.810000000000000
0.810000000000000
0.660000000000000
0.660000000000000
0.660000000000000
0.660000000000000
0.660000000000000
0.660000000000000
0.660000000000000
0.660000000000000
0.660000000000000
0.660000000000000
0.660000000000000
0.660000000000000
0.660000000000000
0.660000000000000
0.660000000000000
0.660000000000000
0.660000000000000
0.660000000000000
0.660000000000000
0.660000000000000
0.660000000000000
0.660000000000000
0.660000000000000
0.660000000000000
0.660000000000000
0.660000000000000
0.660000000000000
0.660000000000000
0.660000000000000
0.660000000000000
0.660000000000000
0.660000000000000
0.660000000000000
0.660000000000000
0.660000000000000
0.660000000000000
0.660000000000000
0.660000000000000
0.660000000000000
0.660000000000000
0.660000000000000
0.660000000000000
0.660000000000000
0.660000000000000
0.660000000000000
0.660000000000000
0.660000000000000
0.660000000000000
3.32000000000000
3.32000000000000
3.32000000000000
3.32000000000000
3.32000000000000
3.32000000000000
3.32000000000000
3.32000000000000
3.32000000000000
3.32000000000000
3.32000000000000
3.32000000000000
3.32000000000000
3.32000000000000
3.32000000000000
3.32000000000000
3.32000000000000
3.32000000000000
3.32000000000000
3.32000000000000
3.32000000000000
3.32000000000000
3.32000000000000
3.32000000000000
2.94000000000000
2.94000000000000
2.94000000000000
2.94000000000000
2.94000000000000
2.94000000000000
2.94000000000000
2.94000000000000
2.94000000000000
2.94000000000000
2.94000000000000
2.94000000000000
2.94000000000000
2.94000000000000
2.94000000000000
2.94000000000000
2.94000000000000
2.94000000000000
2.94000000000000
2.94000000000000
2.94000000000000
2.94000000000000
2.94000000000000
2.94000000000000
2.21000000000000
2.21000000000000
2.21000000000000
2.21000000000000
2.21000000000000
2.21000000000000
2.21000000000000
2.21000000000000
2.21000000000000
2.21000000000000
2.21000000000000
2.21000000000000
2.21000000000000
2.21000000000000
2.21000000000000
2.21000000000000
2.21000000000000
2.21000000000000
2.21000000000000
2.21000000000000
2.21000000000000
2.21000000000000
2.21000000000000
2.21000000000000
2.90000000000000
2.90000000000000
2.90000000000000
2.90000000000000
2.90000000000000
2.90000000000000
2.90000000000000
2.90000000000000
2.90000000000000
2.90000000000000
2.90000000000000
2.90000000000000
2.90000000000000
2.90000000000000
2.90000000000000
2.90000000000000
2.90000000000000
2.90000000000000
2.90000000000000
2.90000000000000
2.90000000000000
2.90000000000000
2.90000000000000
2.90000000000000
1.47000000000000
1.47000000000000
1.47000000000000
1.47000000000000
1.47000000000000
1.47000000000000
1.47000000000000
1.47000000000000
1.47000000000000
1.47000000000000
1.47000000000000
1.47000000000000
1.47000000000000
1.47000000000000
1.47000000000000
1.47000000000000
1.47000000000000
1.47000000000000
1.47000000000000
1.47000000000000
1.47000000000000
1.47000000000000
1.47000000000000
1.47000000000000
1.01000000000000
1.01000000000000
1.01000000000000
1.01000000000000
1.01000000000000
1.01000000000000
1.01000000000000
1.01000000000000
1.01000000000000
1.01000000000000
1.01000000000000
1.01000000000000
1.01000000000000
1.01000000000000
1.01000000000000
1.01000000000000
1.01000000000000
1.01000000000000
1.01000000000000
1.01000000000000
1.01000000000000
1.01000000000000
1.01000000000000
1.01000000000000
0.870000000000000
0.870000000000000
0.870000000000000
0.870000000000000
0.870000000000000
0.870000000000000
0.870000000000000
0.870000000000000
0.870000000000000
0.870000000000000
0.870000000000000
0.870000000000000
0.870000000000000
0.870000000000000
0.870000000000000
0.870000000000000
0.870000000000000
0.870000000000000
0.870000000000000
0.870000000000000
0.870000000000000
0.870000000000000
0.870000000000000
0.870000000000000
0.790000000000000
0.790000000000000
0.790000000000000
0.790000000000000
0.790000000000000
0.790000000000000
0.790000000000000
0.790000000000000
0.790000000000000
0.790000000000000
0.790000000000000
0.790000000000000
0.790000000000000
0.790000000000000
0.790000000000000
0.790000000000000
0.790000000000000
0.790000000000000
0.790000000000000
0.790000000000000
0.790000000000000
0.790000000000000
0.790000000000000
0.790000000000000
0.730000000000000
0.730000000000000
0.730000000000000
0.730000000000000
0.730000000000000
0.730000000000000
0.730000000000000
0.730000000000000
0.730000000000000
0.730000000000000
0.730000000000000
0.730000000000000
0.730000000000000
0.730000000000000
0.730000000000000
0.730000000000000
0.730000000000000
0.730000000000000
0.730000000000000
0.730000000000000
0.730000000000000
0.730000000000000
0.730000000000000
0.730000000000000
0.680000000000000
0.680000000000000
0.680000000000000
0.680000000000000
0.680000000000000
0.680000000000000
0.680000000000000
0.680000000000000
0.680000000000000
0.680000000000000
0.680000000000000
0.680000000000000
0.680000000000000
0.680000000000000
0.680000000000000
0.680000000000000
0.680000000000000
0.680000000000000
0.680000000000000
0.680000000000000
0.680000000000000
0.680000000000000
0.680000000000000
0.680000000000000
0.670000000000000
0.670000000000000
0.670000000000000
0.670000000000000
0.670000000000000
0.670000000000000
0.670000000000000
0.670000000000000
0.670000000000000
0.670000000000000
0.670000000000000
0.670000000000000
0.670000000000000
0.670000000000000
0.670000000000000
0.670000000000000
0.670000000000000
0.670000000000000
0.670000000000000
0.670000000000000
0.670000000000000
0.670000000000000
0.670000000000000
0.670000000000000
0.640000000000000
0.640000000000000
0.640000000000000
0.640000000000000
0.640000000000000
0.640000000000000
0.640000000000000
0.640000000000000
0.640000000000000
0.640000000000000
0.640000000000000
0.640000000000000
0.640000000000000
0.640000000000000
0.640000000000000
0.640000000000000
0.640000000000000
0.640000000000000
0.640000000000000
0.640000000000000
0.640000000000000
0.640000000000000
0.640000000000000
0.640000000000000
0.630000000000000
0.630000000000000
0.630000000000000
0.630000000000000
0.630000000000000
0.630000000000000
0.630000000000000
0.630000000000000
0.630000000000000
0.630000000000000
0.630000000000000
0.630000000000000
0.630000000000000
0.630000000000000
0.630000000000000
0.630000000000000
0.630000000000000
0.630000000000000
0.630000000000000
0.630000000000000
0.630000000000000
0.630000000000000
0.630000000000000
0.630000000000000
0.770000000000000
0.770000000000000
0.770000000000000
0.770000000000000
0.770000000000000
0.770000000000000
0.770000000000000
0.770000000000000
0.770000000000000
0.770000000000000
0.770000000000000
0.770000000000000
0.770000000000000
0.770000000000000
0.770000000000000
0.770000000000000
0.770000000000000
0.770000000000000
0.770000000000000
0.770000000000000
0.770000000000000
0.770000000000000
0.770000000000000
0.770000000000000
1.44000000000000
1.44000000000000
1.44000000000000
1.44000000000000
1.44000000000000
1.44000000000000
1.44000000000000
1.44000000000000
1.44000000000000
1.44000000000000
1.44000000000000
1.44000000000000
1.44000000000000
1.44000000000000
1.44000000000000
1.44000000000000
1.44000000000000
1.44000000000000
1.44000000000000
1.44000000000000
1.44000000000000
1.44000000000000
1.44000000000000
1.44000000000000
1.16000000000000
1.16000000000000
1.16000000000000
1.16000000000000
1.16000000000000
1.16000000000000
1.16000000000000
1.16000000000000
1.16000000000000
1.16000000000000
1.16000000000000
1.16000000000000
1.16000000000000
1.16000000000000
1.16000000000000
1.16000000000000
1.16000000000000
1.16000000000000
1.16000000000000
1.16000000000000
1.16000000000000
1.16000000000000
1.16000000000000
1.16000000000000
1.27000000000000
1.27000000000000
1.27000000000000
1.27000000000000
1.27000000000000
1.27000000000000
1.27000000000000
1.27000000000000
1.27000000000000
1.27000000000000
1.27000000000000
1.27000000000000
1.27000000000000
1.27000000000000
1.27000000000000
1.27000000000000
1.27000000000000
1.27000000000000
1.27000000000000
1.27000000000000
1.27000000000000
1.27000000000000
1.27000000000000
1.27000000000000
0.810000000000000
0.810000000000000
0.810000000000000
0.810000000000000
0.810000000000000
0.810000000000000
0.810000000000000
0.810000000000000
0.810000000000000
0.810000000000000
0.810000000000000
0.810000000000000
0.810000000000000
0.810000000000000
0.810000000000000
0.810000000000000
0.810000000000000
0.810000000000000
0.810000000000000
0.810000000000000
0.810000000000000
0.810000000000000
0.810000000000000
0.810000000000000
0.700000000000000
0.700000000000000
0.700000000000000
0.700000000000000
0.700000000000000
0.700000000000000
0.700000000000000
0.700000000000000
0.700000000000000
0.700000000000000
0.700000000000000
0.700000000000000
0.700000000000000
0.700000000000000
0.700000000000000
0.700000000000000
0.700000000000000
0.700000000000000
0.700000000000000
0.700000000000000
0.700000000000000
0.700000000000000
0.700000000000000
0.700000000000000
1.09000000000000
1.09000000000000
1.09000000000000
1.09000000000000
1.09000000000000
1.09000000000000
1.09000000000000
1.09000000000000
1.09000000000000
1.09000000000000
1.09000000000000
1.09000000000000
1.09000000000000
1.09000000000000
1.09000000000000
1.09000000000000
1.09000000000000
1.09000000000000
1.09000000000000
1.09000000000000
1.09000000000000
1.09000000000000
1.09000000000000
1.09000000000000
1.74000000000000
1.74000000000000
1.74000000000000
1.74000000000000
1.74000000000000
1.74000000000000
1.74000000000000
1.74000000000000
1.74000000000000
1.74000000000000
1.74000000000000
1.74000000000000
1.74000000000000
1.74000000000000
1.74000000000000
1.74000000000000
1.74000000000000
1.74000000000000
1.74000000000000
1.74000000000000
1.74000000000000
1.74000000000000
1.74000000000000
1.74000000000000
2.11000000000000
2.11000000000000
2.11000000000000
2.11000000000000
2.11000000000000
2.11000000000000
2.11000000000000
2.11000000000000
2.11000000000000
2.11000000000000
2.11000000000000
2.11000000000000
2.11000000000000
2.11000000000000
2.11000000000000
2.11000000000000
2.11000000000000
2.11000000000000
2.11000000000000
2.11000000000000
2.11000000000000
2.11000000000000
2.11000000000000
2.11000000000000
1.60000000000000
1.60000000000000
1.60000000000000
1.60000000000000
1.60000000000000
1.60000000000000
1.60000000000000
1.60000000000000
1.60000000000000
1.60000000000000
1.60000000000000
1.60000000000000
1.60000000000000
1.60000000000000
1.60000000000000
1.60000000000000
1.60000000000000
1.60000000000000
1.60000000000000
1.60000000000000
1.60000000000000
1.60000000000000
1.60000000000000
1.60000000000000
1.62000000000000
1.62000000000000
1.62000000000000
1.62000000000000
1.62000000000000
1.62000000000000
1.62000000000000
1.62000000000000
1.62000000000000
1.62000000000000
1.62000000000000
1.62000000000000
1.62000000000000
1.62000000000000
1.62000000000000
1.62000000000000
1.62000000000000
1.62000000000000
1.62000000000000
1.62000000000000
1.62000000000000
1.62000000000000
1.62000000000000
1.62000000000000
2.26000000000000
2.26000000000000
2.26000000000000
2.26000000000000
2.26000000000000
2.26000000000000
2.26000000000000
2.26000000000000
2.26000000000000
2.26000000000000
2.26000000000000
2.26000000000000
2.26000000000000
2.26000000000000
2.26000000000000
2.26000000000000
2.26000000000000
2.26000000000000
2.26000000000000
2.26000000000000
2.26000000000000
2.26000000000000
2.26000000000000
2.26000000000000
2.26000000000000
2.26000000000000
2.26000000000000
2.26000000000000
2.26000000000000
2.26000000000000
2.26000000000000
2.26000000000000
2.26000000000000
2.26000000000000
2.26000000000000
2.26000000000000
2.26000000000000
2.26000000000000
2.26000000000000
2.26000000000000
2.26000000000000
2.26000000000000
2.26000000000000
2.26000000000000
2.26000000000000
2.26000000000000
2.26000000000000
2.26000000000000
1.36000000000000
1.36000000000000
1.36000000000000
1.36000000000000
1.36000000000000
1.36000000000000
1.36000000000000
1.36000000000000
1.36000000000000
1.36000000000000
1.36000000000000
1.36000000000000
1.36000000000000
1.36000000000000
1.36000000000000
1.36000000000000
1.36000000000000
1.36000000000000
1.36000000000000
1.36000000000000
1.36000000000000
1.36000000000000
1.36000000000000
1.36000000000000
0.950000000000000
0.950000000000000
0.950000000000000
0.950000000000000
0.950000000000000
0.950000000000000
0.950000000000000
0.950000000000000
0.950000000000000
0.950000000000000
0.950000000000000
0.950000000000000
0.950000000000000
0.950000000000000
0.950000000000000
0.950000000000000
0.950000000000000
0.950000000000000
0.950000000000000
0.950000000000000
0.950000000000000
0.950000000000000
0.950000000000000
0.950000000000000
0.800000000000000
0.800000000000000
0.800000000000000
0.800000000000000
0.800000000000000
0.800000000000000
0.800000000000000
0.800000000000000
0.800000000000000
0.800000000000000
0.800000000000000
0.800000000000000
0.800000000000000
0.800000000000000
0.800000000000000
0.800000000000000
0.800000000000000
0.800000000000000
0.800000000000000
0.800000000000000
0.800000000000000
0.800000000000000
0.800000000000000
0.800000000000000
0.740000000000000
0.740000000000000
0.740000000000000
0.740000000000000
0.740000000000000
0.740000000000000
0.740000000000000
0.740000000000000
0.740000000000000
0.740000000000000
0.740000000000000
0.740000000000000
0.740000000000000
0.740000000000000
0.740000000000000
0.740000000000000
0.740000000000000
0.740000000000000
0.740000000000000
0.740000000000000
0.740000000000000
0.740000000000000
0.740000000000000
0.740000000000000
0.690000000000000
0.690000000000000
0.690000000000000
0.690000000000000
0.690000000000000
0.690000000000000
0.690000000000000
0.690000000000000
0.690000000000000
0.690000000000000
0.690000000000000
0.690000000000000
0.690000000000000
0.690000000000000
0.690000000000000
0.690000000000000
0.690000000000000
0.690000000000000
0.690000000000000
0.690000000000000
0.690000000000000
0.690000000000000
0.690000000000000
0.690000000000000
0.660000000000000
0.660000000000000
0.660000000000000
0.660000000000000
0.660000000000000
0.660000000000000
0.660000000000000
0.660000000000000
0.660000000000000
0.660000000000000
0.660000000000000
0.660000000000000
0.660000000000000
0.660000000000000
0.660000000000000
0.660000000000000
0.660000000000000
0.660000000000000
0.660000000000000
0.660000000000000
0.660000000000000
0.660000000000000
0.660000000000000
0.660000000000000
0.640000000000000
0.640000000000000
0.640000000000000
0.640000000000000
0.640000000000000
0.640000000000000
0.640000000000000
0.640000000000000
0.640000000000000
0.640000000000000
0.640000000000000
0.640000000000000
0.640000000000000
0.640000000000000
0.640000000000000
0.640000000000000
0.640000000000000
0.640000000000000
0.640000000000000
0.640000000000000
0.640000000000000
0.640000000000000
0.640000000000000
0.640000000000000
0.600000000000000
0.600000000000000
0.600000000000000
0.600000000000000
0.600000000000000
0.600000000000000
0.600000000000000
0.600000000000000
0.600000000000000
0.600000000000000
0.600000000000000
0.600000000000000
0.600000000000000
0.600000000000000
0.600000000000000
0.600000000000000
0.600000000000000
0.600000000000000
0.600000000000000
0.600000000000000
0.600000000000000
0.600000000000000
0.600000000000000
0.600000000000000
0.580000000000000
0.580000000000000
0.580000000000000
0.580000000000000
0.580000000000000
0.580000000000000
0.580000000000000
0.580000000000000
0.580000000000000
0.580000000000000
0.580000000000000
0.580000000000000
0.580000000000000
0.580000000000000
0.580000000000000
0.580000000000000
0.580000000000000
0.580000000000000
0.580000000000000
0.580000000000000
0.580000000000000
0.580000000000000
0.580000000000000
0.580000000000000
0.560000000000000
0.560000000000000
0.560000000000000
0.560000000000000
0.560000000000000
0.560000000000000
0.560000000000000
0.560000000000000
0.560000000000000
0.560000000000000
0.560000000000000
0.560000000000000
0.560000000000000
0.560000000000000
0.560000000000000
0.560000000000000
0.560000000000000
0.560000000000000
0.560000000000000
0.560000000000000
0.560000000000000
0.560000000000000
0.560000000000000
0.560000000000000
0.540000000000000
0.540000000000000
0.540000000000000
0.540000000000000
0.540000000000000
0.540000000000000
0.540000000000000
0.540000000000000
0.540000000000000
0.540000000000000
0.540000000000000
0.540000000000000
0.540000000000000
0.540000000000000
0.540000000000000
0.540000000000000
0.540000000000000
0.540000000000000
0.540000000000000
0.540000000000000
0.540000000000000
0.540000000000000
0.540000000000000
0.540000000000000
0.520000000000000
0.520000000000000
0.520000000000000
0.520000000000000
0.520000000000000
0.520000000000000
0.520000000000000
0.520000000000000
0.520000000000000
0.520000000000000
0.520000000000000
0.520000000000000
0.520000000000000
0.520000000000000
0.520000000000000
0.520000000000000
0.520000000000000
0.520000000000000
0.520000000000000
0.520000000000000
0.520000000000000
0.520000000000000
0.520000000000000
0.520000000000000
0.510000000000000
0.510000000000000
0.510000000000000
0.510000000000000
0.510000000000000
0.510000000000000
0.510000000000000
0.510000000000000
0.510000000000000
0.510000000000000
0.510000000000000
0.510000000000000
0.510000000000000
0.510000000000000
0.510000000000000
0.510000000000000
0.510000000000000
0.510000000000000
0.510000000000000
0.510000000000000
0.510000000000000
0.510000000000000
0.510000000000000
0.510000000000000
0.480000000000000
0.480000000000000
0.480000000000000
0.480000000000000
0.480000000000000
0.480000000000000
0.480000000000000
0.480000000000000
0.480000000000000
0.480000000000000
0.480000000000000
0.480000000000000
0.480000000000000
0.480000000000000
0.480000000000000
0.480000000000000
0.480000000000000
0.480000000000000
0.480000000000000
0.480000000000000
0.480000000000000
0.480000000000000
0.480000000000000
0.480000000000000
0.470000000000000
0.470000000000000
0.470000000000000
0.470000000000000
0.470000000000000
0.470000000000000
0.470000000000000
0.470000000000000
0.470000000000000
0.470000000000000
0.470000000000000
0.470000000000000
0.470000000000000
0.470000000000000
0.470000000000000
0.470000000000000
0.470000000000000
0.470000000000000
0.470000000000000
0.470000000000000
0.470000000000000
0.470000000000000
0.470000000000000
0.470000000000000
0.450000000000000
0.450000000000000
0.450000000000000
0.450000000000000
0.450000000000000
0.450000000000000
0.450000000000000
0.450000000000000
0.450000000000000
0.450000000000000
0.450000000000000
0.450000000000000
0.450000000000000
0.450000000000000
0.450000000000000
0.450000000000000
0.450000000000000
0.450000000000000
0.450000000000000
0.450000000000000
0.450000000000000
0.450000000000000
0.450000000000000
0.450000000000000
0.440000000000000
0.440000000000000
0.440000000000000
0.440000000000000
0.440000000000000
0.440000000000000
0.440000000000000
0.440000000000000
0.440000000000000
0.440000000000000
0.440000000000000
0.440000000000000
0.440000000000000
0.440000000000000
0.440000000000000
0.440000000000000
0.440000000000000
0.440000000000000
0.440000000000000
0.440000000000000
0.440000000000000
0.440000000000000
0.440000000000000
0.440000000000000
0.430000000000000
0.430000000000000
0.430000000000000
0.430000000000000
0.430000000000000
0.430000000000000
0.430000000000000
0.430000000000000
0.430000000000000
0.430000000000000
0.430000000000000
0.430000000000000
0.430000000000000
0.430000000000000
0.430000000000000
0.430000000000000
0.430000000000000
0.430000000000000
0.430000000000000
0.430000000000000
0.430000000000000
0.430000000000000
0.430000000000000
0.430000000000000
0.630000000000000
0.630000000000000
0.630000000000000
0.630000000000000
0.630000000000000
0.630000000000000
0.630000000000000
0.630000000000000
0.630000000000000
0.630000000000000
0.630000000000000
0.630000000000000
0.630000000000000
0.630000000000000
0.630000000000000
0.630000000000000
0.630000000000000
0.630000000000000
0.630000000000000
0.630000000000000
0.630000000000000
0.630000000000000
0.630000000000000
0.630000000000000
4.31000000000000
4.31000000000000
4.31000000000000
4.31000000000000
4.31000000000000
4.31000000000000
4.31000000000000
4.31000000000000
4.31000000000000
4.31000000000000
4.31000000000000
4.31000000000000
4.31000000000000
4.31000000000000
4.31000000000000
4.31000000000000
4.31000000000000
4.31000000000000
4.31000000000000
4.31000000000000
4.31000000000000
4.31000000000000
4.31000000000000
4.31000000000000
3.42000000000000
3.42000000000000
3.42000000000000
3.42000000000000
3.42000000000000
3.42000000000000
3.42000000000000
3.42000000000000
3.42000000000000
3.42000000000000
3.42000000000000
3.42000000000000
3.42000000000000
3.42000000000000
3.42000000000000
3.42000000000000
3.42000000000000
3.42000000000000
3.42000000000000
3.42000000000000
3.42000000000000
3.42000000000000
3.42000000000000
3.42000000000000
0.860000000000000
0.860000000000000
0.860000000000000
0.860000000000000
0.860000000000000
0.860000000000000
0.860000000000000
0.860000000000000
0.860000000000000
0.860000000000000
0.860000000000000
0.860000000000000
0.860000000000000
0.860000000000000
0.860000000000000
0.860000000000000
0.860000000000000
0.860000000000000
0.860000000000000
0.860000000000000
0.860000000000000
0.860000000000000
0.860000000000000
0.860000000000000
1.54000000000000
1.54000000000000
1.54000000000000
1.54000000000000
1.54000000000000
1.54000000000000
1.54000000000000
1.54000000000000
1.54000000000000
1.54000000000000
1.54000000000000
1.54000000000000
1.54000000000000
1.54000000000000
1.54000000000000
1.54000000000000
1.54000000000000
1.54000000000000
1.54000000000000
1.54000000000000
1.54000000000000
1.54000000000000
1.54000000000000
1.54000000000000
3.48000000000000
3.48000000000000
3.48000000000000
3.48000000000000
3.48000000000000
3.48000000000000
3.48000000000000
3.48000000000000
3.48000000000000
3.48000000000000
3.48000000000000
3.48000000000000
3.48000000000000
3.48000000000000
3.48000000000000
3.48000000000000
3.48000000000000
3.48000000000000
3.48000000000000
3.48000000000000
3.48000000000000
3.48000000000000
3.48000000000000
3.48000000000000
2.67000000000000
2.67000000000000
2.67000000000000
2.67000000000000
2.67000000000000
2.67000000000000
2.67000000000000
2.67000000000000
2.67000000000000
2.67000000000000
2.67000000000000
2.67000000000000
2.67000000000000
2.67000000000000
2.67000000000000
2.67000000000000
2.67000000000000
2.67000000000000
2.67000000000000
2.67000000000000
2.67000000000000
2.67000000000000
2.67000000000000
2.67000000000000
2.18000000000000
2.18000000000000
2.18000000000000
2.18000000000000
2.18000000000000
2.18000000000000
2.18000000000000
2.18000000000000
2.18000000000000
2.18000000000000
2.18000000000000
2.18000000000000
2.18000000000000
2.18000000000000
2.18000000000000
2.18000000000000
2.18000000000000
2.18000000000000
2.18000000000000
2.18000000000000
2.18000000000000
2.18000000000000
2.18000000000000
2.18000000000000
2.01000000000000
2.01000000000000
2.01000000000000
2.01000000000000
2.01000000000000
2.01000000000000
2.01000000000000
2.01000000000000
2.01000000000000
2.01000000000000
2.01000000000000
2.01000000000000
2.01000000000000
2.01000000000000
2.01000000000000
2.01000000000000
2.01000000000000
2.01000000000000
2.01000000000000
2.01000000000000
2.01000000000000
2.01000000000000
2.01000000000000
2.01000000000000
1.30000000000000
1.30000000000000
1.30000000000000
1.30000000000000
1.30000000000000
1.30000000000000
1.30000000000000
1.30000000000000
1.30000000000000
1.30000000000000
1.30000000000000
1.30000000000000
1.30000000000000
1.30000000000000
1.30000000000000
1.30000000000000
1.30000000000000
1.30000000000000
1.30000000000000
1.30000000000000
1.30000000000000
1.30000000000000
1.30000000000000
1.30000000000000
1.60000000000000
1.60000000000000
1.60000000000000
1.60000000000000
1.60000000000000
1.60000000000000
1.60000000000000
1.60000000000000
1.60000000000000
1.60000000000000
1.60000000000000
1.60000000000000
1.60000000000000
1.60000000000000
1.60000000000000
1.60000000000000
1.60000000000000
1.60000000000000
1.60000000000000
1.60000000000000
1.60000000000000
1.60000000000000
1.60000000000000
1.60000000000000
3.02000000000000
3.02000000000000
3.02000000000000
3.02000000000000
3.02000000000000
3.02000000000000
3.02000000000000
3.02000000000000
3.02000000000000
3.02000000000000
3.02000000000000
3.02000000000000
3.02000000000000
3.02000000000000
3.02000000000000
3.02000000000000
3.02000000000000
3.02000000000000
3.02000000000000
3.02000000000000
3.02000000000000
3.02000000000000
3.02000000000000
3.02000000000000
2.93000000000000
2.93000000000000
2.93000000000000
2.93000000000000
2.93000000000000
2.93000000000000
2.93000000000000
2.93000000000000
2.93000000000000
2.93000000000000
2.93000000000000
2.93000000000000
2.93000000000000
2.93000000000000
2.93000000000000
2.93000000000000
2.93000000000000
2.93000000000000
2.93000000000000
2.93000000000000
2.93000000000000
2.93000000000000
2.93000000000000
2.93000000000000
1.86000000000000
1.86000000000000
1.86000000000000
1.86000000000000
1.86000000000000
1.86000000000000
1.86000000000000
1.86000000000000
1.86000000000000
1.86000000000000
1.86000000000000
1.86000000000000
1.86000000000000
1.86000000000000
1.86000000000000
1.86000000000000
1.86000000000000
1.86000000000000
1.86000000000000
1.86000000000000
1.86000000000000
1.86000000000000
1.86000000000000
1.86000000000000
2.94000000000000
2.94000000000000
2.94000000000000
2.94000000000000
2.94000000000000
2.94000000000000
2.94000000000000
2.94000000000000
2.94000000000000
2.94000000000000
2.94000000000000
2.94000000000000
2.94000000000000
2.94000000000000
2.94000000000000
2.94000000000000
2.94000000000000
2.94000000000000
2.94000000000000
2.94000000000000
2.94000000000000
2.94000000000000
2.94000000000000
2.94000000000000
3.33000000000000
3.33000000000000
3.33000000000000
3.33000000000000
3.33000000000000
3.33000000000000
3.33000000000000
3.33000000000000
3.33000000000000
3.33000000000000
3.33000000000000
3.33000000000000
3.33000000000000
3.33000000000000
3.33000000000000
3.33000000000000
3.33000000000000
3.33000000000000
3.33000000000000
3.33000000000000
3.33000000000000
3.33000000000000
3.33000000000000
3.33000000000000
2.84000000000000
2.84000000000000
2.84000000000000
2.84000000000000
2.84000000000000
2.84000000000000
2.84000000000000
2.84000000000000
2.84000000000000
2.84000000000000
2.84000000000000
2.84000000000000
2.84000000000000
2.84000000000000
2.84000000000000
2.84000000000000
2.84000000000000
2.84000000000000
2.84000000000000
2.84000000000000
2.84000000000000
2.84000000000000
2.84000000000000
2.84000000000000
1.38000000000000
1.38000000000000
1.38000000000000
1.38000000000000
1.38000000000000
1.38000000000000
1.38000000000000
1.38000000000000
1.38000000000000
1.38000000000000
1.38000000000000
1.38000000000000
1.38000000000000
1.38000000000000
1.38000000000000
1.38000000000000
1.38000000000000
1.38000000000000
1.38000000000000
1.38000000000000
1.38000000000000
1.38000000000000
1.38000000000000
1.38000000000000
1.17000000000000
1.17000000000000
1.17000000000000
1.17000000000000
1.17000000000000
1.17000000000000
1.17000000000000
1.17000000000000
1.17000000000000
1.17000000000000
1.17000000000000
1.17000000000000
1.17000000000000
1.17000000000000
1.17000000000000
1.17000000000000
1.17000000000000
1.17000000000000
1.17000000000000
1.17000000000000
1.17000000000000
1.17000000000000
1.17000000000000
1.17000000000000
1.08000000000000
1.08000000000000
1.08000000000000
1.08000000000000
1.08000000000000
1.08000000000000
1.08000000000000
1.08000000000000
1.08000000000000
1.08000000000000
1.08000000000000
1.08000000000000
1.08000000000000
1.08000000000000
1.08000000000000
1.08000000000000
1.08000000000000
1.08000000000000
1.08000000000000
1.08000000000000
1.08000000000000
1.08000000000000
1.08000000000000
1.08000000000000
0.950000000000000
0.950000000000000
0.950000000000000
0.950000000000000
0.950000000000000
0.950000000000000
0.950000000000000
0.950000000000000
0.950000000000000
0.950000000000000
0.950000000000000
0.950000000000000
0.950000000000000
0.950000000000000
0.950000000000000
0.950000000000000
0.950000000000000
0.950000000000000
0.950000000000000
0.950000000000000
0.950000000000000
0.950000000000000
0.950000000000000
0.950000000000000
0.850000000000000
0.850000000000000
0.850000000000000
0.850000000000000
0.850000000000000
0.850000000000000
0.850000000000000
0.850000000000000
0.850000000000000
0.850000000000000
0.850000000000000
0.850000000000000
0.850000000000000
0.850000000000000
0.850000000000000
0.850000000000000
0.850000000000000
0.850000000000000
0.850000000000000
0.850000000000000
0.850000000000000
0.850000000000000
0.850000000000000
0.850000000000000
0.780000000000000
0.780000000000000
0.780000000000000
0.780000000000000
0.780000000000000
0.780000000000000
0.780000000000000
0.780000000000000
0.780000000000000
0.780000000000000
0.780000000000000
0.780000000000000
0.780000000000000
0.780000000000000
0.780000000000000
0.780000000000000
0.780000000000000
0.780000000000000
0.780000000000000
0.780000000000000
0.780000000000000
0.780000000000000
0.780000000000000
0.780000000000000
0.730000000000000
0.730000000000000
0.730000000000000
0.730000000000000
0.730000000000000
0.730000000000000
0.730000000000000
0.730000000000000
0.730000000000000
0.730000000000000
0.730000000000000
0.730000000000000
0.730000000000000
0.730000000000000
0.730000000000000
0.730000000000000
0.730000000000000
0.730000000000000
0.730000000000000
0.730000000000000
0.730000000000000
0.730000000000000
0.730000000000000
0.730000000000000
0.670000000000000
0.670000000000000
0.670000000000000
0.670000000000000
0.670000000000000
0.670000000000000
0.670000000000000
0.670000000000000
0.670000000000000
0.670000000000000
0.670000000000000
0.670000000000000
0.670000000000000
0.670000000000000
0.670000000000000
0.670000000000000
0.670000000000000
0.670000000000000
0.670000000000000
0.670000000000000
0.670000000000000
0.670000000000000
0.670000000000000
0.670000000000000
0.630000000000000
0.630000000000000
0.630000000000000
0.630000000000000
0.630000000000000
0.630000000000000
0.630000000000000
0.630000000000000
0.630000000000000
0.630000000000000
0.630000000000000
0.630000000000000
0.630000000000000
0.630000000000000
0.630000000000000
0.630000000000000
0.630000000000000
0.630000000000000
0.630000000000000
0.630000000000000
0.630000000000000
0.630000000000000
0.630000000000000
0.630000000000000
0.600000000000000
0.600000000000000
0.600000000000000
0.600000000000000
0.600000000000000
0.600000000000000
0.600000000000000
0.600000000000000
0.600000000000000
0.600000000000000
0.600000000000000
0.600000000000000
0.600000000000000
0.600000000000000
0.600000000000000
0.600000000000000
0.600000000000000
0.600000000000000
0.600000000000000
0.600000000000000
0.600000000000000
0.600000000000000
0.600000000000000
0.600000000000000
0.580000000000000
0.580000000000000
0.580000000000000
0.580000000000000
0.580000000000000
0.580000000000000
0.580000000000000
0.580000000000000
0.580000000000000
0.580000000000000
0.580000000000000
0.580000000000000
0.580000000000000
0.580000000000000
0.580000000000000
0.580000000000000
0.580000000000000
0.580000000000000
0.580000000000000
0.580000000000000
0.580000000000000
0.580000000000000
0.580000000000000
0.580000000000000
0.540000000000000
0.540000000000000
0.540000000000000
0.540000000000000
0.540000000000000
0.540000000000000
0.540000000000000
0.540000000000000
0.540000000000000
0.540000000000000
0.540000000000000
0.540000000000000
0.540000000000000
0.540000000000000
0.540000000000000
0.540000000000000
0.540000000000000
0.540000000000000
0.540000000000000
0.540000000000000
0.540000000000000
0.540000000000000
0.540000000000000
0.540000000000000
0.520000000000000
0.520000000000000
0.520000000000000
0.520000000000000
0.520000000000000
0.520000000000000
0.520000000000000
0.520000000000000
0.520000000000000
0.520000000000000
0.520000000000000
0.520000000000000
0.520000000000000
0.520000000000000
0.520000000000000
0.520000000000000
0.520000000000000
0.520000000000000
0.520000000000000
0.520000000000000
0.520000000000000
0.520000000000000
0.520000000000000
0.520000000000000
0.500000000000000
0.500000000000000
0.500000000000000
0.500000000000000
0.500000000000000
0.500000000000000
0.500000000000000
0.500000000000000
0.500000000000000
0.500000000000000
0.500000000000000
0.500000000000000
0.500000000000000
0.500000000000000
0.500000000000000
0.500000000000000
0.500000000000000
0.500000000000000
0.500000000000000
0.500000000000000
0.500000000000000
0.500000000000000
0.500000000000000
0.500000000000000
0.480000000000000
0.480000000000000
0.480000000000000
0.480000000000000
0.480000000000000
0.480000000000000
0.480000000000000
0.480000000000000
0.480000000000000
0.480000000000000
0.480000000000000
0.480000000000000
0.480000000000000
0.480000000000000
0.480000000000000
0.480000000000000
0.480000000000000
0.480000000000000
0.480000000000000
0.480000000000000
0.480000000000000
0.480000000000000
0.480000000000000
0.480000000000000
0.460000000000000
0.460000000000000
0.460000000000000
0.460000000000000
0.460000000000000
0.460000000000000
0.460000000000000
0.460000000000000
0.460000000000000
0.460000000000000
0.460000000000000
0.460000000000000
0.460000000000000
0.460000000000000
0.460000000000000
0.460000000000000
0.460000000000000
0.460000000000000
0.460000000000000
0.460000000000000
0.460000000000000
0.460000000000000
0.460000000000000
0.460000000000000
0.440000000000000
0.440000000000000
0.440000000000000
0.440000000000000
0.440000000000000
0.440000000000000
0.440000000000000
0.440000000000000
0.440000000000000
0.440000000000000
0.440000000000000
0.440000000000000
0.440000000000000
0.440000000000000
0.440000000000000
0.440000000000000
0.440000000000000
0.440000000000000
0.440000000000000
0.440000000000000
0.440000000000000
0.440000000000000
0.440000000000000
0.440000000000000
0.430000000000000
0.430000000000000
0.430000000000000
0.430000000000000
0.430000000000000
0.430000000000000
0.430000000000000
0.430000000000000
0.430000000000000
0.430000000000000
0.430000000000000
0.430000000000000
0.430000000000000
0.430000000000000
0.430000000000000
0.430000000000000
0.430000000000000
0.430000000000000
0.430000000000000
0.430000000000000
0.430000000000000
0.430000000000000
0.430000000000000
0.430000000000000
0.410000000000000
0.410000000000000
0.410000000000000
0.410000000000000
0.410000000000000
0.410000000000000
0.410000000000000
0.410000000000000
0.410000000000000
0.410000000000000
0.410000000000000
0.410000000000000
0.410000000000000
0.410000000000000
0.410000000000000
0.410000000000000
0.410000000000000
0.410000000000000
0.410000000000000
0.410000000000000
0.410000000000000
0.410000000000000
0.410000000000000
0.410000000000000
0.400000000000000
0.400000000000000
0.400000000000000
0.400000000000000
0.400000000000000
0.400000000000000
0.400000000000000
0.400000000000000
0.400000000000000
0.400000000000000
0.400000000000000
0.400000000000000
0.400000000000000
0.400000000000000
0.400000000000000
0.400000000000000
0.400000000000000
0.400000000000000
0.400000000000000
0.400000000000000
0.400000000000000
0.400000000000000
0.400000000000000
0.400000000000000
0.410000000000000
0.410000000000000
0.410000000000000
0.410000000000000
0.410000000000000
0.410000000000000
0.410000000000000
0.410000000000000
0.410000000000000
0.410000000000000
0.410000000000000
0.410000000000000
0.410000000000000
0.410000000000000
0.410000000000000
0.410000000000000
0.410000000000000
0.410000000000000
0.410000000000000
0.410000000000000
0.410000000000000
0.410000000000000
0.410000000000000
0.410000000000000
0.460000000000000
0.460000000000000
0.460000000000000
0.460000000000000
0.460000000000000
0.460000000000000
0.460000000000000
0.460000000000000
0.460000000000000
0.460000000000000
0.460000000000000
0.460000000000000
0.460000000000000
0.460000000000000
0.460000000000000
0.460000000000000
0.460000000000000
0.460000000000000
0.460000000000000
0.460000000000000
0.460000000000000
0.460000000000000
0.460000000000000
0.460000000000000
0.400000000000000
0.400000000000000
0.400000000000000
0.400000000000000
0.400000000000000
0.400000000000000
0.400000000000000
0.400000000000000
0.400000000000000
0.400000000000000
0.400000000000000
0.400000000000000
0.400000000000000
0.400000000000000
0.400000000000000
0.400000000000000
0.400000000000000
0.400000000000000
0.400000000000000
0.400000000000000
0.400000000000000
0.400000000000000
0.400000000000000
0.400000000000000
0.380000000000000
0.380000000000000
0.380000000000000
0.380000000000000
0.380000000000000
0.380000000000000
0.380000000000000
0.380000000000000
0.380000000000000
0.380000000000000
0.380000000000000
0.380000000000000
0.380000000000000
0.380000000000000
0.380000000000000
0.380000000000000
0.380000000000000
0.380000000000000
0.380000000000000
0.380000000000000
0.380000000000000
0.380000000000000
0.380000000000000
0.380000000000000