:OC1 - TEST CATCHMENT- OC COMPONENT DATA SET: NT, NCATR, KONT, BIOWAT           
      1      8      1      F
:OC2 - TIMESTEP CONTROL (currently not used)                                    
 1.0000 99999.
:OC3 - OTHER PARAMETERS. SMIN,CDRS,TDC,TFC,DET. (SMIN & DET not used)           
 100.00    0.0    0.0 99999.    0.0
 1.6837 1.6837    0.0 1.6837    0.0 1.6837 1.6837 1.6837
:OC14 STRX                                                                      
     52 00000000000000000000000000000000000000
     51 08888888888888888888777777777777777770
     50 08888888888888888888887777777777777770
     49 08888888888888888888888777777777777770
     48 08888888888888888888888777777777777770
     47 08888888888888888888888877777777227770
     46 08888888888888888888888887777772227770
     45 08888888888888888888888877777222222770
     44 08888888888888888888888877722222222270
     43 08888888888888888888888877222222222220
     42 08888888888888888888887777222222222220
     41 08888888888888888888888877222222222220
     40 08888888888888888888888888222222222220
     39 08888888888888888888878888822222222210
     38 08888888888888888888888888822222222210
     37 08888888888888888888888888882222222120
     36 08888888888888888888888888882222222220
     35 08888888888888888888888888888222222220
     34 08888888888888888888888888887722222220
     33 08888888888888888888888888877882222220
     32 08888888888888888888888888888882222220
     31 08888888888888888888888888888888222220
     30 08888888888888888888888778888888822220
     29 08888888888888888888887878888888882220
     28 08888888888888888888887777888887777220
     27 08888888888888888888888777888887777770
     26 08888888888888888888888777888877777770
     25 08888888888888888888877777877777777770
     24 08888888888888888888888877877777777770
     23 08888888888888888888778877877777777770
     22 08888888888888888888888877777777777770
     21 08888888888888888888888877777777777770
     20 08888888888888888888887777777777777770
     19 08888888888888888888777777777777777770
     18 08888888888888888887777777777777777770
     17 08888888888888888877777777777777774770
     16 08888888888888888777777777777777774470
     15 08888888888888877777777777777774474770
     14 08888888888888877777777777714444674440
     13 08888888888888877777777777777477677410
     12 08888888888888877777777744447777674410
     11 08888888888888777777777177477711747470
     10 08888888888888777777777717774677744440
      9 08888888888888877777777777774277144440
      8 08888888888888777777777777722277774740
      7 08888878888887777777777777722227127770
      6 07777777888877777777777777227227727770
      5 07777777887777777777777772277222777740
      4 07777777777777777777777772277224777770
      3 07777777777777777777777722272224424470
      2 07777777717777777777777222272224476470
      1 00000000000000000000000000000000000000
:OC17 STRY                                                                      
     52 00000000000000000000000000000000000000
     51 08888888888888888888777777777777777770
     50 08888888888888888888887777777777777770
     49 08888888888888888888888777777777777770
     48 08888888888888888888888777777777777770
     47 08888888888888888888888877777777227770
     46 08888888888888888888888887777772227770
     45 08888888888888888888888877777222222770
     44 08888888888888888888888877722222222270
     43 08888888888888888888888877222222222220
     42 08888888888888888888887777222222222220
     41 08888888888888888888888877222222222220
     40 08888888888888888888888888222222222220
     39 08888888888888888888878888822222222210
     38 08888888888888888888888888822222222210
     37 08888888888888888888888888882222222120
     36 08888888888888888888888888882222222220
     35 08888888888888888888888888888222222220
     34 08888888888888888888888888887722222220
     33 08888888888888888888888888877882222220
     32 08888888888888888888888888888882222220
     31 08888888888888888888888888888888222220
     30 08888888888888888888888778888888822220
     29 08888888888888888888887878888888882220
     28 08888888888888888888887777888887777220
     27 08888888888888888888888777888887777770
     26 08888888888888888888888777888877777770
     25 08888888888888888888877777877777777770
     24 08888888888888888888888877877777777770
     23 08888888888888888888778877877777777770
     22 08888888888888888888888877777777777770
     21 08888888888888888888888877777777777770
     20 08888888888888888888887777777777777770
     19 08888888888888888888777777777777777770
     18 08888888888888888887777777777777777770
     17 08888888888888888877777777777777774770
     16 08888888888888888777777777777777774470
     15 08888888888888877777777777777774474770
     14 08888888888888877777777777714444674440
     13 08888888888888877777777777777477677410
     12 08888888888888877777777744447777674410
     11 08888888888888777777777177477711747470
     10 08888888888888777777777717774677744440
      9 08888888888888877777777777774277144440
      8 08888888888888777777777777722277774740
      7 08888878888887777777777777722227127770
      6 07777777888877777777777777227227727770
      5 07777777887777777777777772277222777740
      4 07777777777777777777777772277224777770
      3 07777777777777777777777722272224424470
      2 07777777717777777777777222272224476470
      1 00000000000000000000000000000000000000
:OC20 - HEAD AND FLUX BOUNDARY CONDITIONS: NOCHB, NOCFB, NOCPB                  
      0      0      0
:OC30 - NUMBER OF DEFAULT CHANNEL CROSS-SECTIONS                                
      0
:OC35 - CHANNEL LINK DATA(LINK NO.,BED ELEV.,DEPTH, STR. COEFF.,DEF X-S)        
      1 -1604.    0.0 20.000      2
 12.553    0.0 12.553 1.5000
             4 50.000 0.7000 -1604. -1605.
      2 -1575.    0.0 20.000      2
 12.545    0.0 12.545 1.5000
      3 -1548.    0.0 20.000      2
 12.528    0.0 12.528 1.5000
      4 -1520.    0.0 20.000      2
 12.511    0.0 12.511 1.5000
      5 311.98    0.0 20.000      2
 1.9053    0.0 1.9053 1.5000
      6 -1492.    0.0 20.000      2
 12.502    0.0 12.502 1.5000
      7 284.31    0.0 20.000      2
 2.0666    0.0 2.0666 1.5000
      8 256.64    0.0 20.000      2
 2.3105    0.0 2.3105 1.5000
      9 -1465.    0.0 20.000      2
 12.434    0.0 12.434 1.5000
     10 228.96    0.0 20.000      2
 2.4885    0.0 2.4885 1.5000
     11 -1437.    0.0 20.000      2
 12.408    0.0 12.408 1.5000
     12 201.29    0.0 20.000      2
 2.6546    0.0 2.6546 1.5000
     13 -1409.    0.0 20.000      2
 12.348    0.0 12.348 1.5000
     14 173.62    0.0 20.000      2
 2.7338    0.0 2.7338 1.5000
     15 -1382.    0.0 20.000      2
 12.243    0.0 12.243 1.5000
     16 145.95    0.0 20.000      2
 2.9226    0.0 2.9226 1.5000
     17 -1354.    0.0 20.000      2
 12.217    0.0 12.217 1.5000
     18 118.28    0.0 20.000      2
 3.0652    0.0 3.0652 1.5000
     19 -1326.    0.0 20.000      2
 12.191    0.0 12.191 1.5000
     20 90.605    0.0 20.000      2
 3.2675    0.0 3.2675 1.5000
     21 -1299.    0.0 20.000      2
 12.173    0.0 12.173 1.5000
     22 62.933    0.0 20.000      2
 3.5192    0.0 3.5192 1.5000
     23 -1271.    0.0 20.000      2
 12.156    0.0 12.156 1.5000
     24 -1216.    0.0 20.000      2
 12.103    0.0 12.103 1.5000
     25 -1243.    0.0 20.000      2
 12.121    0.0 12.121 1.5000
     26 -534.9    0.0 20.000      2
 10.748    0.0 10.748 1.5000
     27 -1188.    0.0 20.000      2
 12.023    0.0 12.023 1.5000
     28 -1133.    0.0 20.000      2
 10.748    0.0 10.748 1.5000
     29 -1160.    0.0 20.000      2
 10.768    0.0 10.768 1.5000
     30 -599.2    0.0 20.000      2
 12.023    0.0 12.023 1.5000
     31 -1105.    0.0 20.000      2
 10.039    0.0 10.039 1.5000
     32 -10.45    0.0 20.000      2
 5.3091    0.0 5.3091 1.5000
     33 133.08    0.0 20.000      2
 2.0666    0.0 2.0666 1.5000
     34 276.61    0.0 20.000      2
 1.7290    0.0 1.7290 1.5000
     35 304.28    0.0 20.000      2
 1.6661    0.0 1.6661 1.5000
     36 -1077.    0.0 20.000      2
 10.007    0.0 10.007 1.5000
     37 17.217    0.0 20.000      2
 4.8465    0.0 4.8465 1.5000
     38 364.68    0.0 20.000      2
 1.6008    0.0 1.6008 1.5000
     39 -1050.    0.0 20.000      2
 9.9646    0.0 9.9646 1.5000
     40 337.01    0.0 20.000      2
 1.7897    0.0 1.7897 1.5000
     41 -1022.    0.0 20.000      2
 9.9324    0.0 9.9324 1.5000
     42 44.889    0.0 20.000      2
 4.8244    0.0 4.8244 1.5000
     43 -994.3    0.0 20.000      2
 9.9001    0.0 9.9001 1.5000
     44 300.52    0.0 20.000      2
 3.5494    0.0 3.5494 1.5000
     45 -966.6    0.0 20.000      2
 9.8785    0.0 9.8785 1.5000
     46 72.561    0.0 20.000      2
 4.8023    0.0 4.8023 1.5000
     47 291.69    0.0 20.000      2
 2.8486    0.0 2.8486 1.5000
     48 264.02    0.0 20.000      2
 3.5494    0.0 3.5494 1.5000
     49 236.35    0.0 20.000      2
 3.6968    0.0 3.6968 1.5000
     50 -351.3    0.0 20.000      2
 3.7824    0.0 3.7824 1.5000
     51 -939.0    0.0 20.000      2
 9.8569    0.0 9.8569 1.5000
     52 319.36    0.0 20.000      2
 2.5729    0.0 2.5729 1.5000
     53 -911.3    0.0 20.000      2
 9.0788    0.0 9.0788 1.5000
     54 100.23    0.0 20.000      2
 4.6898    0.0 4.6898 1.5000
     55 374.71    0.0 20.000      2
 1.7897    0.0 1.7897 1.5000
     56 347.04    0.0 20.000      2
 2.3562    0.0 2.3562 1.5000
     57 402.38    0.0 20.000      2
 1.6008    0.0 1.6008 1.5000
     58 -883.6    0.0 20.000      2
 9.0552    0.0 9.0552 1.5000
     59 127.91    0.0 20.000      2
 4.5745    0.0 4.5745 1.5000
     60 168.85    0.0 20.000      2
 4.5745    0.0 4.5745 1.5000
     61 155.58    0.0 20.000      2
 3.8106    0.0 3.8106 1.5000
     62 -855.9    0.0 20.000      2
 9.0198    0.0 9.0198 1.5000
     63 209.79    0.0 20.000      2
 2.3105    0.0 2.3105 1.5000
     64 183.25    0.0 20.000      2
 3.7256    0.0 3.7256 1.5000
     65 237.46    0.0 20.000      2
 2.2161    0.0 2.2161 1.5000
     66 -828.3    0.0 20.000      2
 8.9723    0.0 8.9723 1.5000
     67 265.14    0.0 20.000      2
 2.0666    0.0 2.0666 1.5000
     68 210.92    0.0 20.000      2
 3.6091    0.0 3.6091 1.5000
     69 292.81    0.0 20.000      2
 1.7897    0.0 1.7897 1.5000
     70 -800.6    0.0 20.000      2
 8.9365    0.0 8.9365 1.5000
     71 320.48    0.0 20.000      2
 1.6008    0.0 1.6008 1.5000
     72 238.59    0.0 20.000      2
 3.4580    0.0 3.4580 1.5000
     73 -772.9    0.0 20.000      2
 8.8886    0.0 8.8886 1.5000
     74 266.27    0.0 20.000      2
 2.5310    0.0 2.5310 1.5000
     75 302.27    0.0 20.000      2
 2.5310    0.0 2.5310 1.5000
     76 -745.3    0.0 20.000      2
 8.8525    0.0 8.8525 1.5000
     77 293.94    0.0 20.000      2
 1.9053    0.0 1.9053 1.5000
     78 338.28    0.0 20.000      2
 1.8484    0.0 1.8484 1.5000
     79 -496.2    0.0 20.000      2
 7.3936    0.0 7.3936 1.5000
     80 -523.9    0.0 20.000      2
 7.4368    0.0 7.4368 1.5000
     81 -551.6    0.0 20.000      2
 7.4654    0.0 7.4654 1.5000
     82 -579.2    0.0 20.000      2
 7.4940    0.0 7.4940 1.5000
     83 -606.9    0.0 20.000      2
 7.5649    0.0 7.5649 1.5000
     84 462.28    0.0 20.000      2
 1.6008    0.0 1.6008 1.5000
     85 -468.5    0.0 20.000      2
 7.2918    0.0 7.2918 1.5000
     86 -634.6    0.0 20.000      2
 7.5930    0.0 7.5930 1.5000
     87 -717.6    0.0 20.000      2
 8.8284    0.0 8.8284 1.5000
     88 321.61    0.0 20.000      2
 1.7897    0.0 1.7897 1.5000
     89 -440.9    0.0 20.000      2
 7.2624    0.0 7.2624 1.5000
     90 -662.2    0.0 20.000      2
 7.8963    0.0 7.8963 1.5000
     91 -689.9    0.0 20.000      2
 8.6697    0.0 8.6697 1.5000
     92 434.61    0.0 20.000      2
 1.7897    0.0 1.7897 1.5000
     93 -413.2    0.0 20.000      2
 7.2330    0.0 7.2330 1.5000
     94 -150.4    0.0 20.000      2
 7.8963    0.0 7.8963 1.5000
     95 -233.8    0.0 20.000      2
 8.7920    0.0 8.7920 1.5000
     96 349.28    0.0 20.000      2
 1.6661    0.0 1.6661 1.5000
     97 -357.9    0.0 20.000      2
 7.1139    0.0 7.1139 1.5000
     98 -385.5    0.0 20.000      2
 7.1886    0.0 7.1886 1.5000
     99 416.78    0.0 20.000      2
 1.6661    0.0 1.6661 1.5000
    100 389.11    0.0 20.000      2
 2.0142    0.0 2.0142 1.5000
    101 361.44    0.0 20.000      2
 2.0666    0.0 2.0666 1.5000
    102 406.94    0.0 20.000      2
 2.0666    0.0 2.0666 1.5000
    103 -330.2    0.0 20.000      2
 7.0081    0.0 7.0081 1.5000
    104 250.02    0.0 20.000      2
 3.5192    0.0 3.5192 1.5000
    105 379.27    0.0 20.000      2
 2.2161    0.0 2.2161 1.5000
    106 351.59    0.0 20.000      2
 2.3105    0.0 2.3105 1.5000
    107 323.92    0.0 20.000      2
 2.4452    0.0 2.4452 1.5000
    108 -3.129    0.0 20.000      2
 6.9469    0.0 6.9469 1.5000
    109 -302.5    0.0 20.000      2
 6.9775    0.0 6.9775 1.5000
    110 277.69    0.0 20.000      2
 3.4270    0.0 3.4270 1.5000
    111 -274.8    0.0 20.000      2
 6.9469    0.0 6.9469 1.5000
    112 -247.2    0.0 20.000      2
 6.4694    0.0 6.4694 1.5000
    113 305.36    0.0 20.000      2
 3.3322    0.0 3.3322 1.5000
    114 455.28    0.0 20.000      2
 1.9053    0.0 1.9053 1.5000
    115 -219.5    0.0 20.000      2
 6.3863    0.0 6.3863 1.5000
    116 333.04    0.0 20.000      2
 2.2638    0.0 2.2638 1.5000
    117 485.48    0.0 20.000      2
 1.6008    0.0 1.6008 1.5000
    118 457.81    0.0 20.000      2
 1.6661    0.0 1.6661 1.5000
    119 430.14    0.0 20.000      2
 1.7290    0.0 1.7290 1.5000
    120 402.47    0.0 20.000      2
 2.9589    0.0 2.9589 1.5000
    121 -191.8    0.0 20.000      2
 6.2852    0.0 6.2852 1.5000
    122 426.12    0.0 20.000      2
 1.7290    0.0 1.7290 1.5000
    123 379.58    0.0 20.000      2
 2.0666    0.0 2.0666 1.5000
    124 174.50    0.0 20.000      2
 5.7158    0.0 5.7158 1.5000
    125 173.24    0.0 20.000      2
 5.7901    0.0 5.7901 1.5000
    126 -164.1    0.0 20.000      2
 5.9358    0.0 5.9358 1.5000
    127 360.71    0.0 20.000      2
 2.0666    0.0 2.0666 1.5000
    128 -53.46    0.0 20.000      2
 5.7158    0.0 5.7158 1.5000
    129 -81.13    0.0 20.000      2
 5.7531    0.0 5.7531 1.5000
    130 -108.8    0.0 20.000      2
 5.7901    0.0 5.7901 1.5000
    131 -136.5    0.0 20.000      2
 5.8634    0.0 5.8634 1.5000
    132 -25.79    0.0 20.000      2
 4.8465    0.0 4.8465 1.5000
    133 388.38    0.0 20.000      2
 1.7897    0.0 1.7897 1.5000
    134 1.8851    0.0 20.000      2
 4.8244    0.0 4.8244 1.5000
    135 466.48    0.0 20.000      2
 1.9053    0.0 1.9053 1.5000
    136 234.18    0.0 20.000      2
 2.1674    0.0 2.1674 1.5000
    137 29.557    0.0 20.000      2
 4.6670    0.0 4.6670 1.5000
    138 57.229    0.0 20.000      2
 4.6440    0.0 4.6440 1.5000
    139 479.98    0.0 20.000      2
 1.6661    0.0 1.6661 1.5000
    140 452.31    0.0 20.000      2
 1.7290    0.0 1.7290 1.5000
    141 254.77    0.0 20.000      2
 4.5276    0.0 4.5276 1.5000
    142 84.901    0.0 20.000      2
 4.6210    0.0 4.6210 1.5000
    143 112.57    0.0 20.000      2
 4.5276    0.0 4.5276 1.5000
    144 140.25    0.0 20.000      2
 4.4802    0.0 4.4802 1.5000
    145 167.92    0.0 20.000      2
 4.4323    0.0 4.4323 1.5000
    146 195.59    0.0 20.000      2
 4.2853    0.0 4.2853 1.5000
    147 223.26    0.0 20.000      2
 4.1589    0.0 4.1589 1.5000
    148 250.93    0.0 20.000      2
 3.8937    0.0 3.8937 1.5000
    149 278.61    0.0 20.000      2
 3.6678    0.0 3.6678 1.5000
    150 306.28    0.0 20.000      2
 3.4888    0.0 3.4888 1.5000
    151 333.95    0.0 20.000      2
 3.1341    0.0 3.1341 1.5000
    152 361.62    0.0 20.000      2
 3.0652    0.0 3.0652 1.5000
    153 389.29    0.0 20.000      2
 2.8858    0.0 2.8858 1.5000
    154 416.97    0.0 20.000      2
 2.6546    0.0 2.6546 1.5000
    155 444.64    0.0 20.000      2
 2.2161    0.0 2.2161 1.5000
    156 472.31    0.0 20.000      2
 2.1176    0.0 2.1176 1.5000
    157 499.98    0.0 20.000      2
 1.6008    0.0 1.6008 1.5000
