0.31
0.06
0.26
0.23
0.01
0.27
0.22
0.27
0.51
0.31
0.13
0.24
0
0
0.11
0.12
0.16
0.02
0.32
0.09
0
0.09
0.15
0.12
0.25
0.27
0.17
0.47
0.48
0.48
0.18
0.44
0.24
0.15
0.19
0.5
0.42
0.25
0.57
0.68
0.73
0.88
0.53
0.78
0.68
0.35
0.34
0.3
0.3
0.54
0.51
0.49
0.55
0.31
0.43
0.34
1.12
0.64
0.67
0.76
0.97
1.21
1.28
1.26
0.83
1.49
1.76
1.56
1.42
1.23
0.83
1.34
1.31
1.23
1.14
0.75
0.94
0.44
0.44
1.25
0.87
0.36
0.37
0.65
0.91
1.07
0.79
0.54
0.96
1.16
1.35
1.16
0.86
1.95
1.25
1.22
1.76
2.32
2.52
2.8
2.57
2.36
2.76
1.4
2.41
2.69
2.65
2.79
2.45
2.6
2.46
2.91
3.04
2.23
1.48
1.97
2.53
