0.44
0.07
0.26
0.33
0.02
0.46
0.32
0.32
0.77
0.49
0.2
0.44
0
0
0.19
0.21
0.24
0.02
0.52
0.14
0
0.14
0.15
0.16
0.27
0.27
0.25
0.67
0.74
0.65
0.26
0.6
0.4
0.23
0.31
0.7
0.57
0.32
0.57
0.68
0.83
0.97
0.53
1.01
0.85
0.46
0.47
0.41
0.44
0.71
0.64
0.63
0.8
0.5
0.59
0.47
1.44
0.82
0.92
0.9
0.97
1.26
1.28
1.26
0.83
1.49
1.76
1.56
1.42
1.47
1.03
1.34
1.36
1.23
1.37
0.75
1.21
0.61
0.66
1.25
1.13
0.56
0.52
0.88
1.19
1.07
0.95
0.75
1.3
1.53
1.65
1.45
1.09
2.07
1.25
1.49
1.91
2.32
2.52
2.8
2.57
2.36
2.76
1.4
2.41
2.81
2.65
2.79
2.45
2.6
2.46
2.91
3.04
2.45
1.71
2.08
2.53
