0.33
0.05
0
0.17
9.28
0.74
0.1
0.04
1.79
0.9
1.29
39.83
0.12
1.23
35.5
12.41
0.51
0.05
16.9
1.43
28.21
0.61
0
0.58
0.01
0
2.37
13.03
1.12
0.34
2.92
5.08
22.08
14.55
9.54
18.66
0.38
0.07
0
0
0.03
0.04
0
0.22
3.59
11.39
8.26
14
7.1
1.52
4.5
5.18
0.83
9.69
5.84
9.81
22.18
2.63
3.92
0.12
0
0.03
0
0
0
0
0
0
0
0.68
0.26
0
0.03
0
0.23
0
14.25
47.79
4.51
0
13.06
27.23
13.5
13.59
13.15
0
16.07
18.55
19.38
5.87
16.47
11.07
6.99
0.06
0
2.5
0.09
0
0
0
0
0
0
0
0
0.06
0
0
0
0
0
0
0
4.86
4.31
0.06
0
