ncols   50
 rows   36
 xllcorner    259546.111211111129
 yllcorner    77494.200100000002
 cellsize 173
 NODATA_value  -9999
28000 28000 28000 28000 28000 28000 28000 28000 28000 28000 28000 28000 28000 28000 28000 28000 28000 28000 28000 28000 28000 28000 28000 28000 28000 28000 28000 28000 28000 28000 28000 28000 28000 28000 28000 28000 
28000 28000 28000 28000 28000 28000 28000 28000 28000 28000 28000 28000 28000 28000 28000 28000 28000 28000 28000 28000 28000 28000 28000 28000 28000 28000 28000 28000 28000 28000 28000 28000 28000 28000 28000 28000 
28000 28000 28000 28000 28000 28000 28000 28000 28000 28000 28000 28000 28000 28000 28000 28000 28000 28000 28000 28000 28000 28000 28000 28000 28000 28000 28000 28000 28000 28000 28000 28000 28000 28000 28000 28000 
28000 28000 28000 28000 28000 28000 28000 28000 28000 28000 28000 28000 28000 28000 28000 28000 28000 28000 28000 28000 28000 28000 28000 28000 28000 28000 28000 28000 28000 28000 28000 28000 28000 28000 28000 28000 
28000 28000 28000 28000 28000 28000 28000 28000 28000 28000 28000 28000 28000 28000 28000 28000 28000 28000 28000 28000 28000 28000 28000 28000 28000 28000 28000 28000 28000 28000 28000 28000 28000 28000 28000 28000 
28000 28000 28000 28000 28000 28000 28000 28000 28000 28000 28000 28000 28000 28000 28000 28000 28000 28000 28000 28000 28000 28000 28000 28000 28000 28000 28000 28000 28000 28000 28000 28000 28000 28000 28000 28000 
28000 28000 28000 28000 28000 28000 28000 28000 28000 28000 28000 28000 28000 28000 28000 28000 28000 28000 28000 28000 28000 28000 28000 28000 28000 28000 28000 28000 28000 28000 28000 28000 28000 28000 28000 28000 
28000 28000 28000 28000 28000 28000 28000 28000 28000 28000 28000 28000 28000 28000 28000 28000 28000 28000 28000 28000 28000 28000 28000 28000 28000 28000 28000 28000 28000 28000 28000 28000 28000 28000 28000 28000 
28000 28000 28000 28000 28000 28000 28000 28000 28000 28000 28000 28000 28000 28000 28000 28000 28000 28000 28000 28000 28000 28000 28000 28000 28000 28000 28000 28000 28000 28000 28000 28000 28000 28000 28000 28000 
28000 28000 28000 28000 28000 28000 28000 28000 28000 28000 28000 28000 28000 28000 28000 28000 28000 28000 28000 28000 28000 28000 28000 28000 28000 28000 28000 28000 28000 28000 28000 28000 28000 28000 28000 28000 
28000 28000 28000 28000 28000 28000 28000 28000 28000 28000 28000 28000 28000 28000 28000 28000 28000 28000 28000 28000 28000 28000 28000 28000 28000 28000 28000 28000 28000 28000 28000 28000 28000 28000 28000 28000 
28000 28000 28000 28000 28000 28000 28000 28000 28000 28000 28000 28000 28000 28000 28000 28000 28000 28000 28000 28000 28000 28000 28000 28000 28000 28000 28000 28000 28000 28000 28000 28000 28000 28000 28000 28000 
28000 28000 28000 28000 28000 28000 28000 28000 28000 28000 28000 28000 28000 28000 28000 28000 28000 28000 28000 28000 28000 28000 28000 28000 28000 28000 28000 28000 28000 28000 28000 28000 28000 28000 28000 28000 
28000 28000 28000 28000 28000 28000 28000 28000 28000 28000 28000 28000 28000 28000 28000 28000 28000 28000 28000 28000 28000 28000 28000 28000 28000 28000 28000 28000 28000 28000 28000 28000 28000 28000 28000 28000 
28000 28000 28000 28000 28000 28000 28000 28000 28000 28000 28000 28000 28000 28000 28000 28000 28000 28000 28000 28000 28000 28000 28000 28000 28000 28000 28000 28000 28000 28000 28000 28000 28000 28000 28000 28000 
28000 28000 28000 28000 28000 28000 28000 28000 28000 28000 28000 28000 28000 28000 28000 28000 28000 28000 28000 28000 28000 28000 28000 28000 28000 28000 28000 28000 28000 28000 28000 28000 28000 28000 28000 28000 
28000 28000 28000 28000 28000 28000 28000 28000 28000 28000 28000 28000 28000 28000 28000 28000 28000 28000 28000 28000 28000 28000 28000 28000 28000 28000 28000 28000 28000 28000 28000 28000 28000 28000 28000 28000 
28000 28000 28000 28000 28000 28000 28000 28000 28000 28000 28000 28000 28000 28000 28000 28000 28000 28000 28000 28000 28000 28000 28000 28000 28000 28000 28000 28000 28000 28000 28000 28000 28000 28000 28000 28000 
28000 28000 28000 28000 28000 28000 28000 28000 28000 28000 28000 28000 28000 28000 28000 28000 28000 28000 28000 28000 28000 28000 28000 28000 28000 28000 28000 28000 28000 28000 28000 28000 28000 28000 28000 28000 
28000 28000 28000 28000 28000 28000 28000 28000 28000 28000 28000 28000 28000 28000 28000 28000 28000 28000 28000 28000 28000 28000 28000 28000 28000 28000 28000 28000 28000 28000 28000 28000 28000 28000 28000 28000 
28000 28000 28000 28000 28000 28000 28000 28000 28000 28000 28000 28000 28000 28000 28000 28000 28000 28000 28000 28000 28000 28000 28000 28000 28000 28000 28000 28000 28000 28000 28000 28000 28000 28000 28000 28000 
28000 28000 28000 28000 28000 28000 28000 28000 28000 28000 28000 28000 28000 28000 28000 28000 28000 28000 28000 28000 28000 28000 28000 28000 28000 28000 28000 28000 28000 28000 28000 28000 28000 28000 28000 28000 
28000 28000 28000 28000 28000 28000 28000 28000 28000 28000 28000 28000 28000 28000 28000 28000 28000 28000 28000 28000 28000 28000 28000 28000 28000 28000 28000 28000 28000 28000 28000 28000 28000 28000 28000 28000 
28000 28000 28000 28000 28000 28000 28000 28000 28000 28000 28000 28000 28000 28000 28000 28000 28000 28000 28000 28000 28000 28000 28000 28000 28000 28000 28000 28000 28000 28000 28000 28000 28000 28000 28000 28000 
28000 28000 28000 28000 28000 28000 28000 28000 28000 28000 28000 28000 28000 28000 28000 28000 28000 28000 28000 28000 28000 28000 28000 28000 28000 28000 28000 28000 28000 28000 28000 28000 28000 28000 28000 28000 
28000 28000 28000 28000 28000 28000 28000 28000 28000 28000 28000 28000 28000 28000 28000 28000 28000 28000 28000 28000 28000 28000 28000 28000 28000 28000 28000 28000 28000 28000 28000 28000 28000 28000 28000 28000 
28000 28000 28000 28000 28000 28000 28000 28000 28000 28000 28000 28000 28000 28000 28000 28000 28000 28000 28000 28000 28000 28000 28000 28000 28000 28000 28000 28000 28000 28000 28000 28000 28000 28000 28000 28000 
28000 28000 28000 28000 28000 28000 28000 28000 28000 28000 28000 28000 28000 28000 28000 28000 28000 28000 28000 28000 28000 28000 28000 28000 28000 28000 28000 28000 28000 28000 28000 28000 28000 28000 28000 28000 
28000 28000 28000 28000 28000 28000 28000 28000 28000 28000 28000 28000 28000 28000 28000 28000 28000 28000 28000 28000 28000 28000 28000 28000 28000 28000 28000 28000 28000 28000 28000 28000 28000 28000 28000 28000 
28000 28000 28000 28000 28000 28000 28000 28000 28000 28000 28000 28000 28000 28000 28000 28000 28000 28000 28000 28000 28000 28000 28000 28000 28000 28000 28000 28000 28000 28000 28000 28000 28000 28000 28000 28000 
28000 28000 28000 28000 28000 28000 28000 28000 28000 28000 28000 28000 28000 28000 28000 28000 28000 28000 28000 28000 28000 28000 28000 28000 28000 28000 28000 28000 28000 28000 28000 28000 28000 28000 28000 28000 
28000 28000 28000 28000 28000 28000 28000 28000 28000 28000 28000 28000 28000 28000 28000 28000 28000 28000 28000 28000 28000 28000 28000 28000 28000 28000 28000 28000 28000 28000 28000 28000 28000 28000 28000 28000 
28000 28000 28000 28000 28000 28000 28000 28000 28000 28000 28000 28000 28000 28000 28000 28000 28000 28000 28000 28000 28000 28000 28000 28000 28000 28000 28000 28000 28000 28000 28000 28000 28000 28000 28000 28000 
28000 28000 28000 28000 28000 28000 28000 28000 28000 28000 28000 28000 28000 28000 28000 28000 28000 28000 28000 28000 28000 28000 28000 28000 28000 28000 28000 28000 28000 28000 28000 28000 28000 28000 28000 28000 
28000 28000 28000 28000 28000 28000 28000 28000 28000 28000 28000 28000 28000 28000 28000 28000 28000 28000 28000 28000 28000 28000 28000 28000 28000 28000 28000 28000 28000 28000 28000 28000 28000 28000 28000 28000 
28000 28000 28000 28000 28000 28000 28000 28000 28000 28000 28000 28000 28000 28000 28000 28000 28000 28000 28000 28000 28000 28000 28000 28000 28000 28000 28000 28000 28000 28000 28000 28000 28000 28000 28000 28000 
28000 28000 28000 28000 28000 28000 28000 28000 28000 28000 28000 28000 28000 28000 28000 28000 28000 28000 28000 28000 28000 28000 28000 28000 28000 28000 28000 28000 28000 28000 28000 28000 28000 28000 28000 28000 
28000 28000 28000 28000 28000 28000 28000 28000 28000 28000 28000 28000 28000 28000 28000 28000 28000 28000 28000 28000 28000 28000 28000 28000 28000 28000 28000 28000 28000 28000 28000 28000 28000 28000 28000 28000 
28000 28000 28000 28000 28000 28000 28000 28000 28000 28000 28000 28000 28000 28000 28000 28000 28000 28000 28000 28000 28000 28000 28000 28000 28000 28000 28000 28000 28000 28000 28000 28000 28000 28000 28000 28000 
28000 28000 28000 28000 28000 28000 28000 28000 28000 28000 28000 28000 28000 28000 28000 28000 28000 28000 28000 28000 28000 28000 28000 28000 28000 28000 28000 28000 28000 28000 28000 28000 28000 28000 28000 28000 
28000 28000 28000 28000 28000 28000 28000 28000 28000 28000 28000 28000 28000 28000 28000 28000 28000 28000 28000 28000 28000 28000 28000 28000 28000 28000 28000 28000 28000 28000 28000 28000 28000 28000 28000 28000 
28000 28000 28000 28000 28000 28000 28000 28000 28000 28000 28000 28000 28000 28000 28000 28000 28000 28000 28000 28000 28000 28000 28000 28000 28000 28000 28000 28000 28000 28000 28000 28000 28000 28000 28000 28000 
28000 28000 28000 28000 28000 28000 28000 28000 28000 28000 28000 28000 28000 28000 28000 28000 28000 28000 28000 28000 28000 28000 28000 28000 28000 28000 28000 28000 28000 28000 28000 28000 28000 28000 28000 28000 
28000 28000 28000 28000 28000 28000 28000 28000 28000 28000 28000 28000 28000 28000 28000 28000 28000 28000 28000 28000 28000 28000 28000 28000 28000 28000 28000 28000 28000 28000 28000 28000 28000 28000 28000 28000 
28000 28000 28000 28000 28000 28000 28000 28000 28000 28000 28000 28000 28000 28000 28000 28000 28000 28000 28000 28000 28000 28000 28000 28000 28000 28000 28000 28000 28000 28000 28000 28000 28000 28000 28000 28000 
28000 28000 28000 28000 28000 28000 28000 28000 28000 28000 28000 28000 28000 28000 28000 28000 28000 28000 28000 28000 28000 28000 28000 28000 28000 28000 28000 28000 28000 28000 28000 28000 28000 28000 28000 28000 
28000 28000 28000 28000 28000 28000 28000 28000 28000 28000 28000 28000 28000 28000 28000 28000 28000 28000 28000 28000 28000 28000 28000 28000 28000 28000 28000 28000 28000 28000 28000 28000 28000 28000 28000 28000 
28000 28000 28000 28000 28000 28000 28000 28000 28000 28000 28000 28000 28000 28000 28000 28000 28000 28000 28000 28000 28000 28000 28000 28000 28000 28000 28000 28000 28000 28000 28000 28000 28000 28000 28000 28000 
28000 28000 28000 28000 28000 28000 28000 28000 28000 28000 28000 28000 28000 28000 28000 28000 28000 28000 28000 28000 28000 28000 28000 28000 28000 28000 28000 28000 28000 28000 28000 28000 28000 28000 28000 28000 
28000 28000 28000 28000 28000 28000 28000 28000 28000 28000 28000 28000 28000 28000 28000 28000 28000 28000 28000 28000 28000 28000 28000 28000 28000 28000 28000 28000 28000 28000 28000 28000 28000 28000 28000 28000 
